dim 64 64 64
putbox 0 63 0 63 0 63 1.0 1.0 1.0 1.0
cutbox 1 62 0 63 1 62
cutbox 0 63 1 62 1 62
cutbox 1 62 1 62 0 63
putbox 1 4 0 0 0 0 1.0 0.0 0.0 1.0
putbox 0 0 1 4 0 0 0.0 1.0 0.0 1.0
putbox 0 0 0 0 1 4 0.0 0.0 1.0 1.0
putvoxel 0 2 54 0.83 0.94 0.94 0.80
putvoxel 0 5 33 0.83 0.94 0.94 0.80
putvoxel 0 10 38 0.83 0.94 0.94 0.80
putvoxel 0 11 14 0.83 0.94 0.94 0.80
putvoxel 0 11 49 0.83 0.94 0.94 0.80
putvoxel 0 12 4 0.83 0.94 0.94 0.80
putvoxel 0 14 35 0.83 0.94 0.94 0.80
putvoxel 0 14 45 0.83 0.94 0.94 0.80
putvoxel 0 20 5 0.83 0.94 0.94 0.80
putvoxel 0 25 33 0.83 0.94 0.94 0.80
putvoxel 0 26 55 0.83 0.94 0.94 0.80
putvoxel 0 29 9 0.83 0.94 0.94 0.80
putvoxel 0 31 12 0.83 0.94 0.94 0.80
putvoxel 0 33 49 0.83 0.94 0.94 0.80
putvoxel 0 34 16 0.83 0.94 0.94 0.80
putvoxel 0 34 25 0.83 0.94 0.94 0.80
putvoxel 0 48 1 0.83 0.94 0.94 0.80
putvoxel 0 53 31 0.83 0.94 0.94 0.80
putvoxel 0 55 25 0.83 0.94 0.94 0.80
putvoxel 0 55 45 0.83 0.94 0.94 0.80
putvoxel 0 58 2 0.83 0.94 0.94 0.80
putvoxel 1 7 48 0.83 0.94 0.94 0.80
putvoxel 1 12 26 0.83 0.94 0.94 0.80
putvoxel 1 12 49 0.83 0.94 0.94 0.80
putvoxel 1 15 22 0.83 0.94 0.94 0.80
putvoxel 1 16 53 0.83 0.94 0.94 0.80
putvoxel 1 17 33 0.83 0.94 0.94 0.80
putvoxel 1 18 63 0.83 0.94 0.94 0.80
putvoxel 1 19 22 0.83 0.94 0.94 0.80
putvoxel 1 22 18 0.83 0.94 0.94 0.80
putvoxel 1 24 1 0.83 0.94 0.94 0.80
putvoxel 1 31 41 0.83 0.94 0.94 0.80
putvoxel 1 32 11 0.83 0.94 0.94 0.80
putvoxel 1 37 11 0.83 0.94 0.94 0.80
putvoxel 1 38 12 0.83 0.94 0.94 0.80
putvoxel 1 38 49 0.83 0.94 0.94 0.80
putvoxel 1 46 56 0.83 0.94 0.94 0.80
putvoxel 1 50 6 0.83 0.94 0.94 0.80
putvoxel 1 50 9 0.83 0.94 0.94 0.80
putvoxel 1 51 36 0.83 0.94 0.94 0.80
putvoxel 1 54 6 0.83 0.94 0.94 0.80
putvoxel 1 58 57 0.83 0.94 0.94 0.80
putvoxel 1 59 5 0.83 0.94 0.94 0.80
putvoxel 1 62 48 0.83 0.94 0.94 0.80
putvoxel 2 0 33 0.83 0.94 0.94 0.80
putvoxel 2 2 1 0.83 0.94 0.94 0.80
putvoxel 2 2 55 0.83 0.94 0.94 0.80
putvoxel 2 9 56 0.83 0.94 0.94 0.80
putvoxel 2 10 33 0.83 0.94 0.94 0.80
putvoxel 2 10 34 0.83 0.94 0.94 0.80
putvoxel 2 11 32 0.83 0.94 0.94 0.80
putvoxel 2 12 55 0.83 0.94 0.94 0.80
putvoxel 2 16 5 0.83 0.94 0.94 0.80
putvoxel 2 16 46 0.83 0.94 0.94 0.80
putvoxel 2 16 47 0.83 0.94 0.94 0.80
putvoxel 2 23 51 0.83 0.94 0.94 0.80
putvoxel 2 27 12 0.83 0.94 0.94 0.80
putvoxel 2 28 45 0.83 0.94 0.94 0.80
putvoxel 2 30 16 0.83 0.94 0.94 0.80
putvoxel 2 30 54 0.83 0.94 0.94 0.80
putvoxel 2 33 42 0.83 0.94 0.94 0.80
putvoxel 2 34 55 0.83 0.94 0.94 0.80
putvoxel 2 35 2 0.83 0.94 0.94 0.80
putvoxel 2 35 32 0.83 0.94 0.94 0.80
putvoxel 2 39 32 0.83 0.94 0.94 0.80
putvoxel 2 40 15 0.83 0.94 0.94 0.80
putvoxel 2 43 11 0.83 0.94 0.94 0.80
putvoxel 2 43 12 0.83 0.94 0.94 0.80
putvoxel 2 46 60 0.83 0.94 0.94 0.80
putvoxel 2 47 45 0.83 0.94 0.94 0.80
putvoxel 2 49 10 0.83 0.94 0.94 0.80
putvoxel 2 50 38 0.83 0.94 0.94 0.80
putvoxel 2 54 10 0.83 0.94 0.94 0.80
putvoxel 2 55 57 0.83 0.94 0.94 0.80
putvoxel 2 57 28 0.83 0.94 0.94 0.80
putvoxel 2 61 50 0.83 0.94 0.94 0.80
putvoxel 2 62 15 0.83 0.94 0.94 0.80
putvoxel 2 62 61 0.83 0.94 0.94 0.80
putvoxel 3 2 12 0.83 0.94 0.94 0.80
putvoxel 3 5 12 0.83 0.94 0.94 0.80
putvoxel 3 7 13 0.83 0.94 0.94 0.80
putvoxel 3 7 32 0.83 0.94 0.94 0.80
putvoxel 3 7 50 0.83 0.94 0.94 0.80
putvoxel 3 8 10 0.83 0.94 0.94 0.80
putvoxel 3 8 25 0.83 0.94 0.94 0.80
putvoxel 3 11 16 0.83 0.94 0.94 0.80
putvoxel 3 17 48 0.83 0.94 0.94 0.80
putvoxel 3 24 16 0.83 0.94 0.94 0.80
putvoxel 3 28 62 0.83 0.94 0.94 0.80
putvoxel 3 29 10 0.83 0.94 0.94 0.80
putvoxel 3 36 3 0.83 0.94 0.94 0.80
putvoxel 3 38 53 0.83 0.94 0.94 0.80
putvoxel 3 40 0 0.83 0.94 0.94 0.80
putvoxel 3 41 39 0.83 0.94 0.94 0.80
putvoxel 3 43 52 0.83 0.94 0.94 0.80
putvoxel 3 48 51 0.83 0.94 0.94 0.80
putvoxel 3 49 63 0.83 0.94 0.94 0.80
putvoxel 3 51 39 0.83 0.94 0.94 0.80
putvoxel 3 52 42 0.83 0.94 0.94 0.80
putvoxel 3 52 57 0.83 0.94 0.94 0.80
putvoxel 3 52 62 0.83 0.94 0.94 0.80
putvoxel 3 55 9 0.83 0.94 0.94 0.80
putvoxel 3 57 36 0.83 0.94 0.94 0.80
putvoxel 3 59 46 0.83 0.94 0.94 0.80
putvoxel 3 60 3 0.83 0.94 0.94 0.80
putvoxel 3 60 48 0.83 0.94 0.94 0.80
putvoxel 3 61 51 0.83 0.94 0.94 0.80
putvoxel 3 62 43 0.83 0.94 0.94 0.80
putvoxel 4 3 35 0.83 0.94 0.94 0.80
putvoxel 4 16 15 0.83 0.94 0.94 0.80
putvoxel 4 16 56 0.83 0.94 0.94 0.80
putvoxel 4 21 11 0.83 0.94 0.94 0.80
putvoxel 4 22 29 0.83 0.94 0.94 0.80
putvoxel 4 25 42 0.83 0.94 0.94 0.80
putvoxel 4 30 18 0.83 0.94 0.94 0.80
putvoxel 4 30 53 0.83 0.94 0.94 0.80
putvoxel 4 32 16 0.83 0.94 0.94 0.80
putvoxel 4 32 41 0.83 0.94 0.94 0.80
putvoxel 4 33 1 0.83 0.94 0.94 0.80
putvoxel 4 33 29 0.83 0.94 0.94 0.80
putvoxel 4 34 0 0.83 0.94 0.94 0.80
putvoxel 4 37 16 0.83 0.94 0.94 0.80
putvoxel 4 37 35 0.83 0.94 0.94 0.80
putvoxel 4 42 59 0.83 0.94 0.94 0.80
putvoxel 4 46 21 0.83 0.94 0.94 0.80
putvoxel 4 48 28 0.83 0.94 0.94 0.80
putvoxel 4 49 61 0.83 0.94 0.94 0.80
putvoxel 4 53 20 0.83 0.94 0.94 0.80
putvoxel 5 1 31 0.83 0.94 0.94 0.80
putvoxel 5 3 34 0.83 0.94 0.94 0.80
putvoxel 5 4 35 0.83 0.94 0.94 0.80
putvoxel 5 5 57 0.83 0.94 0.94 0.80
putvoxel 5 7 43 0.83 0.94 0.94 0.80
putvoxel 5 7 61 0.83 0.94 0.94 0.80
putvoxel 5 8 45 0.83 0.94 0.94 0.80
putvoxel 5 9 1 0.83 0.94 0.94 0.80
putvoxel 5 11 55 0.83 0.94 0.94 0.80
putvoxel 5 14 8 0.83 0.94 0.94 0.80
putvoxel 5 15 9 0.83 0.94 0.94 0.80
putvoxel 5 15 19 0.83 0.94 0.94 0.80
putvoxel 5 18 0 0.83 0.94 0.94 0.80
putvoxel 5 18 47 0.83 0.94 0.94 0.80
putvoxel 5 19 21 0.83 0.94 0.94 0.80
putvoxel 5 22 54 0.83 0.94 0.94 0.80
putvoxel 5 24 9 0.83 0.94 0.94 0.80
putvoxel 5 27 63 0.83 0.94 0.94 0.80
putvoxel 5 28 53 0.83 0.94 0.94 0.80
putvoxel 5 28 59 0.83 0.94 0.94 0.80
putvoxel 5 30 8 0.83 0.94 0.94 0.80
putvoxel 5 30 30 0.83 0.94 0.94 0.80
putvoxel 5 32 3 0.83 0.94 0.94 0.80
putvoxel 5 35 11 0.83 0.94 0.94 0.80
putvoxel 5 35 58 0.83 0.94 0.94 0.80
putvoxel 5 36 43 0.83 0.94 0.94 0.80
putvoxel 5 38 24 0.83 0.94 0.94 0.80
putvoxel 5 40 37 0.83 0.94 0.94 0.80
putvoxel 5 43 44 0.83 0.94 0.94 0.80
putvoxel 5 46 40 0.83 0.94 0.94 0.80
putvoxel 5 50 5 0.83 0.94 0.94 0.80
putvoxel 5 53 1 0.83 0.94 0.94 0.80
putvoxel 5 54 53 0.83 0.94 0.94 0.80
putvoxel 5 56 29 0.83 0.94 0.94 0.80
putvoxel 6 1 48 0.83 0.94 0.94 0.80
putvoxel 6 1 54 0.83 0.94 0.94 0.80
putvoxel 6 4 31 0.83 0.94 0.94 0.80
putvoxel 6 4 60 0.83 0.94 0.94 0.80
putvoxel 6 10 28 0.83 0.94 0.94 0.80
putvoxel 6 11 57 0.83 0.94 0.94 0.80
putvoxel 6 12 39 0.83 0.94 0.94 0.80
putvoxel 6 12 43 0.83 0.94 0.94 0.80
putvoxel 6 12 58 0.83 0.94 0.94 0.80
putvoxel 6 15 19 0.83 0.94 0.94 0.80
putvoxel 6 15 57 0.83 0.94 0.94 0.80
putvoxel 6 16 41 0.83 0.94 0.94 0.80
putvoxel 6 18 9 0.83 0.94 0.94 0.80
putvoxel 6 21 9 0.83 0.94 0.94 0.80
putvoxel 6 23 23 0.83 0.94 0.94 0.80
putvoxel 6 24 32 0.83 0.94 0.94 0.80
putvoxel 6 29 21 0.83 0.94 0.94 0.80
putvoxel 6 29 62 0.83 0.94 0.94 0.80
putvoxel 6 30 59 0.83 0.94 0.94 0.80
putvoxel 6 32 9 0.83 0.94 0.94 0.80
putvoxel 6 33 49 0.83 0.94 0.94 0.80
putvoxel 6 34 17 0.83 0.94 0.94 0.80
putvoxel 6 36 36 0.83 0.94 0.94 0.80
putvoxel 6 37 3 0.83 0.94 0.94 0.80
putvoxel 6 40 31 0.83 0.94 0.94 0.80
putvoxel 6 40 58 0.83 0.94 0.94 0.80
putvoxel 6 44 45 0.83 0.94 0.94 0.80
putvoxel 6 44 48 0.83 0.94 0.94 0.80
putvoxel 6 45 47 0.83 0.94 0.94 0.80
putvoxel 6 45 56 0.83 0.94 0.94 0.80
putvoxel 6 50 54 0.83 0.94 0.94 0.80
putvoxel 6 51 62 0.83 0.94 0.94 0.80
putvoxel 6 53 54 0.83 0.94 0.94 0.80
putvoxel 6 54 61 0.83 0.94 0.94 0.80
putvoxel 6 55 19 0.83 0.94 0.94 0.80
putvoxel 6 57 7 0.83 0.94 0.94 0.80
putvoxel 6 57 27 0.83 0.94 0.94 0.80
putvoxel 6 57 28 0.83 0.94 0.94 0.80
putvoxel 6 60 8 0.83 0.94 0.94 0.80
putvoxel 6 61 41 0.83 0.94 0.94 0.80
putvoxel 6 61 56 0.83 0.94 0.94 0.80
putvoxel 6 62 63 0.83 0.94 0.94 0.80
putvoxel 6 63 46 0.83 0.94 0.94 0.80
putvoxel 7 0 28 0.83 0.94 0.94 0.80
putvoxel 7 1 3 0.83 0.94 0.94 0.80
putvoxel 7 2 6 0.83 0.94 0.94 0.80
putvoxel 7 5 11 0.83 0.94 0.94 0.80
putvoxel 7 13 13 0.83 0.94 0.94 0.80
putvoxel 7 18 37 0.83 0.94 0.94 0.80
putvoxel 7 18 51 0.83 0.94 0.94 0.80
putvoxel 7 23 2 0.83 0.94 0.94 0.80
putvoxel 7 24 18 0.83 0.94 0.94 0.80
putvoxel 7 24 39 0.83 0.94 0.94 0.80
putvoxel 7 24 45 0.83 0.94 0.94 0.80
putvoxel 7 28 62 0.83 0.94 0.94 0.80
putvoxel 7 31 50 0.83 0.94 0.94 0.80
putvoxel 7 32 60 0.83 0.94 0.94 0.80
putvoxel 7 40 28 0.83 0.94 0.94 0.80
putvoxel 7 40 63 0.83 0.94 0.94 0.80
putvoxel 7 41 28 0.83 0.94 0.94 0.80
putvoxel 7 41 56 0.83 0.94 0.94 0.80
putvoxel 7 42 38 0.83 0.94 0.94 0.80
putvoxel 7 43 43 0.83 0.94 0.94 0.80
putvoxel 7 45 43 0.83 0.94 0.94 0.80
putvoxel 7 47 24 0.83 0.94 0.94 0.80
putvoxel 7 50 51 0.83 0.94 0.94 0.80
putvoxel 8 6 21 0.83 0.94 0.94 0.80
putvoxel 8 8 30 0.83 0.94 0.94 0.80
putvoxel 8 8 48 0.83 0.94 0.94 0.80
putvoxel 8 14 36 0.83 0.94 0.94 0.80
putvoxel 8 15 25 0.83 0.94 0.94 0.80
putvoxel 8 16 61 0.83 0.94 0.94 0.80
putvoxel 8 20 59 0.83 0.94 0.94 0.80
putvoxel 8 21 8 0.83 0.94 0.94 0.80
putvoxel 8 22 38 0.83 0.94 0.94 0.80
putvoxel 8 30 7 0.83 0.94 0.94 0.80
putvoxel 8 37 27 0.83 0.94 0.94 0.80
putvoxel 8 38 55 0.83 0.94 0.94 0.80
putvoxel 8 41 36 0.83 0.94 0.94 0.80
putvoxel 8 42 2 0.83 0.94 0.94 0.80
putvoxel 8 47 51 0.83 0.94 0.94 0.80
putvoxel 8 48 40 0.83 0.94 0.94 0.80
putvoxel 8 51 57 0.83 0.94 0.94 0.80
putvoxel 8 51 62 0.83 0.94 0.94 0.80
putvoxel 8 55 41 0.83 0.94 0.94 0.80
putvoxel 8 57 2 0.83 0.94 0.94 0.80
putvoxel 8 58 44 0.83 0.94 0.94 0.80
putvoxel 8 62 2 0.83 0.94 0.94 0.80
putvoxel 8 62 62 0.83 0.94 0.94 0.80
putvoxel 9 0 21 0.83 0.94 0.94 0.80
putvoxel 9 2 55 0.83 0.94 0.94 0.80
putvoxel 9 4 4 0.83 0.94 0.94 0.80
putvoxel 9 5 29 0.83 0.94 0.94 0.80
putvoxel 9 6 36 0.83 0.94 0.94 0.80
putvoxel 9 7 25 0.83 0.94 0.94 0.80
putvoxel 9 11 8 0.83 0.94 0.94 0.80
putvoxel 9 13 11 0.83 0.94 0.94 0.80
putvoxel 9 13 41 0.83 0.94 0.94 0.80
putvoxel 9 14 53 0.83 0.94 0.94 0.80
putvoxel 9 18 13 0.83 0.94 0.94 0.80
putvoxel 9 19 5 0.83 0.94 0.94 0.80
putvoxel 9 19 35 0.83 0.94 0.94 0.80
putvoxel 9 20 16 0.83 0.94 0.94 0.80
putvoxel 9 21 4 0.83 0.94 0.94 0.80
putvoxel 9 23 56 0.83 0.94 0.94 0.80
putvoxel 9 24 18 0.83 0.94 0.94 0.80
putvoxel 9 24 52 0.83 0.94 0.94 0.80
putvoxel 9 26 44 0.83 0.94 0.94 0.80
putvoxel 9 26 61 0.83 0.94 0.94 0.80
putvoxel 9 31 46 0.83 0.94 0.94 0.80
putvoxel 9 33 63 0.83 0.94 0.94 0.80
putvoxel 9 36 4 0.83 0.94 0.94 0.80
putvoxel 9 39 51 0.83 0.94 0.94 0.80
putvoxel 9 44 22 0.83 0.94 0.94 0.80
putvoxel 9 50 59 0.83 0.94 0.94 0.80
putvoxel 9 52 58 0.83 0.94 0.94 0.80
putvoxel 9 59 35 0.83 0.94 0.94 0.80
putvoxel 9 63 20 0.83 0.94 0.94 0.80
putvoxel 10 1 3 0.83 0.94 0.94 0.80
putvoxel 10 3 38 0.83 0.94 0.94 0.80
putvoxel 10 3 43 0.83 0.94 0.94 0.80
putvoxel 10 6 25 0.83 0.94 0.94 0.80
putvoxel 10 8 30 0.83 0.94 0.94 0.80
putvoxel 10 10 30 0.83 0.94 0.94 0.80
putvoxel 10 11 39 0.83 0.94 0.94 0.80
putvoxel 10 11 61 0.83 0.94 0.94 0.80
putvoxel 10 12 37 0.83 0.94 0.94 0.80
putvoxel 10 13 34 0.83 0.94 0.94 0.80
putvoxel 10 14 16 0.83 0.94 0.94 0.80
putvoxel 10 19 37 0.83 0.94 0.94 0.80
putvoxel 10 21 7 0.83 0.94 0.94 0.80
putvoxel 10 22 3 0.83 0.94 0.94 0.80
putvoxel 10 22 10 0.83 0.94 0.94 0.80
putvoxel 10 24 49 0.83 0.94 0.94 0.80
putvoxel 10 27 16 0.83 0.94 0.94 0.80
putvoxel 10 27 55 0.83 0.94 0.94 0.80
putvoxel 10 29 3 0.83 0.94 0.94 0.80
putvoxel 10 32 44 0.83 0.94 0.94 0.80
putvoxel 10 34 33 0.83 0.94 0.94 0.80
putvoxel 10 44 9 0.83 0.94 0.94 0.80
putvoxel 10 52 46 0.83 0.94 0.94 0.80
putvoxel 10 54 53 0.83 0.94 0.94 0.80
putvoxel 10 59 38 0.83 0.94 0.94 0.80
putvoxel 10 60 36 0.83 0.94 0.94 0.80
putvoxel 10 61 16 0.83 0.94 0.94 0.80
putvoxel 10 63 46 0.83 0.94 0.94 0.80
putvoxel 11 3 33 0.83 0.94 0.94 0.80
putvoxel 11 9 46 0.83 0.94 0.94 0.80
putvoxel 11 11 10 0.83 0.94 0.94 0.80
putvoxel 11 14 25 0.83 0.94 0.94 0.80
putvoxel 11 16 52 0.83 0.94 0.94 0.80
putvoxel 11 18 52 0.83 0.94 0.94 0.80
putvoxel 11 18 56 0.83 0.94 0.94 0.80
putvoxel 11 19 39 0.83 0.94 0.94 0.80
putvoxel 11 23 11 0.83 0.94 0.94 0.80
putvoxel 11 23 52 0.83 0.94 0.94 0.80
putvoxel 11 23 57 0.83 0.94 0.94 0.80
putvoxel 11 24 61 0.83 0.94 0.94 0.80
putvoxel 11 25 54 0.83 0.94 0.94 0.80
putvoxel 11 29 57 0.83 0.94 0.94 0.80
putvoxel 11 30 24 0.83 0.94 0.94 0.80
putvoxel 11 30 34 0.83 0.94 0.94 0.80
putvoxel 11 31 49 0.83 0.94 0.94 0.80
putvoxel 11 32 22 0.83 0.94 0.94 0.80
putvoxel 11 34 24 0.83 0.94 0.94 0.80
putvoxel 11 35 49 0.83 0.94 0.94 0.80
putvoxel 11 39 20 0.83 0.94 0.94 0.80
putvoxel 11 47 40 0.83 0.94 0.94 0.80
putvoxel 11 48 18 0.83 0.94 0.94 0.80
putvoxel 11 52 0 0.83 0.94 0.94 0.80
putvoxel 11 53 54 0.83 0.94 0.94 0.80
putvoxel 11 54 11 0.83 0.94 0.94 0.80
putvoxel 11 58 11 0.83 0.94 0.94 0.80
putvoxel 11 58 34 0.83 0.94 0.94 0.80
putvoxel 11 59 11 0.83 0.94 0.94 0.80
putvoxel 12 2 53 0.83 0.94 0.94 0.80
putvoxel 12 12 55 0.83 0.94 0.94 0.80
putvoxel 12 13 46 0.83 0.94 0.94 0.80
putvoxel 12 17 32 0.83 0.94 0.94 0.80
putvoxel 12 17 47 0.83 0.94 0.94 0.80
putvoxel 12 22 57 0.83 0.94 0.94 0.80
putvoxel 12 25 31 0.83 0.94 0.94 0.80
putvoxel 12 26 14 0.83 0.94 0.94 0.80
putvoxel 12 35 54 0.83 0.94 0.94 0.80
putvoxel 12 37 41 0.83 0.94 0.94 0.80
putvoxel 12 40 22 0.83 0.94 0.94 0.80
putvoxel 12 42 22 0.83 0.94 0.94 0.80
putvoxel 12 42 30 0.83 0.94 0.94 0.80
putvoxel 12 42 59 0.83 0.94 0.94 0.80
putvoxel 12 43 41 0.83 0.94 0.94 0.80
putvoxel 12 48 11 0.83 0.94 0.94 0.80
putvoxel 12 52 55 0.83 0.94 0.94 0.80
putvoxel 12 54 52 0.83 0.94 0.94 0.80
putvoxel 12 56 31 0.83 0.94 0.94 0.80
putvoxel 12 57 14 0.83 0.94 0.94 0.80
putvoxel 12 61 46 0.83 0.94 0.94 0.80
putvoxel 12 61 49 0.83 0.94 0.94 0.80
putvoxel 12 61 61 0.83 0.94 0.94 0.80
putvoxel 12 63 18 0.83 0.94 0.94 0.80
putvoxel 12 63 47 0.83 0.94 0.94 0.80
putvoxel 13 2 36 0.83 0.94 0.94 0.80
putvoxel 13 2 45 0.83 0.94 0.94 0.80
putvoxel 13 3 63 0.83 0.94 0.94 0.80
putvoxel 13 6 46 0.83 0.94 0.94 0.80
putvoxel 13 7 51 0.83 0.94 0.94 0.80
putvoxel 13 11 55 0.83 0.94 0.94 0.80
putvoxel 13 13 63 0.83 0.94 0.94 0.80
putvoxel 13 16 13 0.83 0.94 0.94 0.80
putvoxel 13 18 43 0.83 0.94 0.94 0.80
putvoxel 13 21 7 0.83 0.94 0.94 0.80
putvoxel 13 21 15 0.83 0.94 0.94 0.80
putvoxel 13 27 17 0.83 0.94 0.94 0.80
putvoxel 13 29 35 0.83 0.94 0.94 0.80
putvoxel 13 31 23 0.83 0.94 0.94 0.80
putvoxel 13 36 17 0.83 0.94 0.94 0.80
putvoxel 13 38 13 0.83 0.94 0.94 0.80
putvoxel 13 40 44 0.83 0.94 0.94 0.80
putvoxel 13 42 23 0.83 0.94 0.94 0.80
putvoxel 13 44 62 0.83 0.94 0.94 0.80
putvoxel 13 49 13 0.83 0.94 0.94 0.80
putvoxel 13 49 16 0.83 0.94 0.94 0.80
putvoxel 13 50 13 0.83 0.94 0.94 0.80
putvoxel 13 51 8 0.83 0.94 0.94 0.80
putvoxel 13 54 8 0.83 0.94 0.94 0.80
putvoxel 13 58 49 0.83 0.94 0.94 0.80
putvoxel 13 61 12 0.83 0.94 0.94 0.80
putvoxel 14 1 39 0.83 0.94 0.94 0.80
putvoxel 14 9 33 0.83 0.94 0.94 0.80
putvoxel 14 10 6 0.83 0.94 0.94 0.80
putvoxel 14 14 59 0.83 0.94 0.94 0.80
putvoxel 14 16 8 0.83 0.94 0.94 0.80
putvoxel 14 22 50 0.83 0.94 0.94 0.80
putvoxel 14 23 36 0.83 0.94 0.94 0.80
putvoxel 14 27 49 0.83 0.94 0.94 0.80
putvoxel 14 38 13 0.83 0.94 0.94 0.80
putvoxel 14 45 37 0.83 0.94 0.94 0.80
putvoxel 14 51 41 0.83 0.94 0.94 0.80
putvoxel 14 57 4 0.83 0.94 0.94 0.80
putvoxel 15 1 34 0.83 0.94 0.94 0.80
putvoxel 15 4 54 0.83 0.94 0.94 0.80
putvoxel 15 5 14 0.83 0.94 0.94 0.80
putvoxel 15 6 6 0.83 0.94 0.94 0.80
putvoxel 15 8 43 0.83 0.94 0.94 0.80
putvoxel 15 8 54 0.83 0.94 0.94 0.80
putvoxel 15 18 5 0.83 0.94 0.94 0.80
putvoxel 15 19 0 0.83 0.94 0.94 0.80
putvoxel 15 19 45 0.83 0.94 0.94 0.80
putvoxel 15 20 30 0.83 0.94 0.94 0.80
putvoxel 15 28 40 0.83 0.94 0.94 0.80
putvoxel 15 29 25 0.83 0.94 0.94 0.80
putvoxel 15 29 37 0.83 0.94 0.94 0.80
putvoxel 15 29 41 0.83 0.94 0.94 0.80
putvoxel 15 31 50 0.83 0.94 0.94 0.80
putvoxel 15 38 29 0.83 0.94 0.94 0.80
putvoxel 15 41 22 0.83 0.94 0.94 0.80
putvoxel 15 43 23 0.83 0.94 0.94 0.80
putvoxel 15 44 50 0.83 0.94 0.94 0.80
putvoxel 15 49 28 0.83 0.94 0.94 0.80
putvoxel 15 51 7 0.83 0.94 0.94 0.80
putvoxel 15 52 56 0.83 0.94 0.94 0.80
putvoxel 15 53 16 0.83 0.94 0.94 0.80
putvoxel 15 57 16 0.83 0.94 0.94 0.80
putvoxel 15 57 42 0.83 0.94 0.94 0.80
putvoxel 15 58 18 0.83 0.94 0.94 0.80
putvoxel 15 60 29 0.83 0.94 0.94 0.80
putvoxel 15 62 47 0.83 0.94 0.94 0.80
putvoxel 15 63 9 0.83 0.94 0.94 0.80
putvoxel 15 63 15 0.83 0.94 0.94 0.80
putvoxel 15 63 49 0.83 0.94 0.94 0.80
putvoxel 16 4 32 0.83 0.94 0.94 0.80
putvoxel 16 5 17 0.83 0.94 0.94 0.80
putvoxel 16 7 43 0.83 0.94 0.94 0.80
putvoxel 16 12 17 0.83 0.94 0.94 0.80
putvoxel 16 15 34 0.83 0.94 0.94 0.80
putvoxel 16 16 10 0.83 0.94 0.94 0.80
putvoxel 16 18 14 0.83 0.94 0.94 0.80
putvoxel 16 18 57 0.83 0.94 0.94 0.80
putvoxel 16 19 0 0.83 0.94 0.94 0.80
putvoxel 16 22 37 0.83 0.94 0.94 0.80
putvoxel 16 25 34 0.83 0.94 0.94 0.80
putvoxel 16 30 15 0.83 0.94 0.94 0.80
putvoxel 16 38 8 0.83 0.94 0.94 0.80
putvoxel 16 38 29 0.83 0.94 0.94 0.80
putvoxel 16 43 48 0.83 0.94 0.94 0.80
putvoxel 16 47 61 0.83 0.94 0.94 0.80
putvoxel 16 55 35 0.83 0.94 0.94 0.80
putvoxel 16 59 53 0.83 0.94 0.94 0.80
putvoxel 16 60 45 0.83 0.94 0.94 0.80
putvoxel 16 61 21 0.83 0.94 0.94 0.80
putvoxel 16 63 36 0.83 0.94 0.94 0.80
putvoxel 17 2 47 0.83 0.94 0.94 0.80
putvoxel 17 3 16 0.83 0.94 0.94 0.80
putvoxel 17 16 58 0.83 0.94 0.94 0.80
putvoxel 17 26 15 0.83 0.94 0.94 0.80
putvoxel 17 26 47 0.83 0.94 0.94 0.80
putvoxel 17 28 46 0.83 0.94 0.94 0.80
putvoxel 17 30 61 0.83 0.94 0.94 0.80
putvoxel 17 31 10 0.83 0.94 0.94 0.80
putvoxel 17 32 2 0.83 0.94 0.94 0.80
putvoxel 17 36 58 0.83 0.94 0.94 0.80
putvoxel 17 39 18 0.83 0.94 0.94 0.80
putvoxel 17 39 63 0.83 0.94 0.94 0.80
putvoxel 17 40 43 0.83 0.94 0.94 0.80
putvoxel 17 41 8 0.83 0.94 0.94 0.80
putvoxel 17 42 37 0.83 0.94 0.94 0.80
putvoxel 17 43 10 0.83 0.94 0.94 0.80
putvoxel 17 43 21 0.83 0.94 0.94 0.80
putvoxel 17 43 46 0.83 0.94 0.94 0.80
putvoxel 17 45 60 0.83 0.94 0.94 0.80
putvoxel 17 47 16 0.83 0.94 0.94 0.80
putvoxel 17 48 63 0.83 0.94 0.94 0.80
putvoxel 17 51 8 0.83 0.94 0.94 0.80
putvoxel 17 58 18 0.83 0.94 0.94 0.80
putvoxel 18 1 34 0.83 0.94 0.94 0.80
putvoxel 18 4 57 0.83 0.94 0.94 0.80
putvoxel 18 6 43 0.83 0.94 0.94 0.80
putvoxel 18 8 3 0.83 0.94 0.94 0.80
putvoxel 18 9 0 0.83 0.94 0.94 0.80
putvoxel 18 15 15 0.83 0.94 0.94 0.80
putvoxel 18 17 8 0.83 0.94 0.94 0.80
putvoxel 18 20 39 0.83 0.94 0.94 0.80
putvoxel 18 20 56 0.83 0.94 0.94 0.80
putvoxel 18 22 13 0.83 0.94 0.94 0.80
putvoxel 18 23 15 0.83 0.94 0.94 0.80
putvoxel 18 23 56 0.83 0.94 0.94 0.80
putvoxel 18 25 56 0.83 0.94 0.94 0.80
putvoxel 18 27 40 0.83 0.94 0.94 0.80
putvoxel 18 28 50 0.83 0.94 0.94 0.80
putvoxel 18 29 8 0.83 0.94 0.94 0.80
putvoxel 18 36 58 0.83 0.94 0.94 0.80
putvoxel 18 37 20 0.83 0.94 0.94 0.80
putvoxel 18 38 11 0.83 0.94 0.94 0.80
putvoxel 18 39 53 0.83 0.94 0.94 0.80
putvoxel 18 45 55 0.83 0.94 0.94 0.80
putvoxel 18 48 39 0.83 0.94 0.94 0.80
putvoxel 18 49 8 0.83 0.94 0.94 0.80
putvoxel 18 50 25 0.83 0.94 0.94 0.80
putvoxel 18 55 11 0.83 0.94 0.94 0.80
putvoxel 18 56 52 0.83 0.94 0.94 0.80
putvoxel 18 56 63 0.83 0.94 0.94 0.80
putvoxel 18 63 41 0.83 0.94 0.94 0.80
putvoxel 19 15 53 0.83 0.94 0.94 0.80
putvoxel 19 18 34 0.83 0.94 0.94 0.80
putvoxel 19 18 57 0.83 0.94 0.94 0.80
putvoxel 19 20 36 0.83 0.94 0.94 0.80
putvoxel 19 21 20 0.83 0.94 0.94 0.80
putvoxel 19 21 36 0.83 0.94 0.94 0.80
putvoxel 19 25 0 0.83 0.94 0.94 0.80
putvoxel 19 25 18 0.83 0.94 0.94 0.80
putvoxel 19 25 21 0.83 0.94 0.94 0.80
putvoxel 19 26 21 0.83 0.94 0.94 0.80
putvoxel 19 29 8 0.83 0.94 0.94 0.80
putvoxel 19 30 8 0.83 0.94 0.94 0.80
putvoxel 19 34 53 0.83 0.94 0.94 0.80
putvoxel 19 35 0 0.83 0.94 0.94 0.80
putvoxel 19 38 23 0.83 0.94 0.94 0.80
putvoxel 19 39 43 0.83 0.94 0.94 0.80
putvoxel 19 50 28 0.83 0.94 0.94 0.80
putvoxel 19 50 49 0.83 0.94 0.94 0.80
putvoxel 19 52 9 0.83 0.94 0.94 0.80
putvoxel 19 53 55 0.83 0.94 0.94 0.80
putvoxel 19 54 47 0.83 0.94 0.94 0.80
putvoxel 19 55 22 0.83 0.94 0.94 0.80
putvoxel 19 55 54 0.83 0.94 0.94 0.80
putvoxel 19 57 9 0.83 0.94 0.94 0.80
putvoxel 19 58 48 0.83 0.94 0.94 0.80
putvoxel 19 59 17 0.83 0.94 0.94 0.80
putvoxel 20 0 62 0.83 0.94 0.94 0.80
putvoxel 20 1 15 0.83 0.94 0.94 0.80
putvoxel 20 1 49 0.83 0.94 0.94 0.80
putvoxel 20 2 18 0.83 0.94 0.94 0.80
putvoxel 20 5 0 0.83 0.94 0.94 0.80
putvoxel 20 9 31 0.83 0.94 0.94 0.80
putvoxel 20 15 5 0.83 0.94 0.94 0.80
putvoxel 20 19 49 0.83 0.94 0.94 0.80
putvoxel 20 21 35 0.83 0.94 0.94 0.80
putvoxel 20 22 26 0.83 0.94 0.94 0.80
putvoxel 20 22 27 0.83 0.94 0.94 0.80
putvoxel 20 22 34 0.83 0.94 0.94 0.80
putvoxel 20 23 4 0.83 0.94 0.94 0.80
putvoxel 20 23 13 0.83 0.94 0.94 0.80
putvoxel 20 24 6 0.83 0.94 0.94 0.80
putvoxel 20 24 38 0.83 0.94 0.94 0.80
putvoxel 20 24 63 0.83 0.94 0.94 0.80
putvoxel 20 26 57 0.83 0.94 0.94 0.80
putvoxel 20 30 42 0.83 0.94 0.94 0.80
putvoxel 20 31 56 0.83 0.94 0.94 0.80
putvoxel 20 37 61 0.83 0.94 0.94 0.80
putvoxel 20 39 34 0.83 0.94 0.94 0.80
putvoxel 20 42 56 0.83 0.94 0.94 0.80
putvoxel 20 44 52 0.83 0.94 0.94 0.80
putvoxel 20 47 52 0.83 0.94 0.94 0.80
putvoxel 20 48 33 0.83 0.94 0.94 0.80
putvoxel 20 53 37 0.83 0.94 0.94 0.80
putvoxel 20 55 5 0.83 0.94 0.94 0.80
putvoxel 20 57 34 0.83 0.94 0.94 0.80
putvoxel 20 58 7 0.83 0.94 0.94 0.80
putvoxel 21 0 0 0.83 0.94 0.94 0.80
putvoxel 21 2 36 0.83 0.94 0.94 0.80
putvoxel 21 4 11 0.83 0.94 0.94 0.80
putvoxel 21 12 16 0.83 0.94 0.94 0.80
putvoxel 21 13 25 0.83 0.94 0.94 0.80
putvoxel 21 15 23 0.83 0.94 0.94 0.80
putvoxel 21 15 52 0.83 0.94 0.94 0.80
putvoxel 21 17 48 0.83 0.94 0.94 0.80
putvoxel 21 19 27 0.83 0.94 0.94 0.80
putvoxel 21 22 23 0.83 0.94 0.94 0.80
putvoxel 21 23 37 0.83 0.94 0.94 0.80
putvoxel 21 25 11 0.83 0.94 0.94 0.80
putvoxel 21 26 59 0.83 0.94 0.94 0.80
putvoxel 21 31 15 0.83 0.94 0.94 0.80
putvoxel 21 31 53 0.83 0.94 0.94 0.80
putvoxel 21 35 26 0.83 0.94 0.94 0.80
putvoxel 21 36 29 0.83 0.94 0.94 0.80
putvoxel 21 37 10 0.83 0.94 0.94 0.80
putvoxel 21 37 33 0.83 0.94 0.94 0.80
putvoxel 21 37 52 0.83 0.94 0.94 0.80
putvoxel 21 40 10 0.83 0.94 0.94 0.80
putvoxel 21 41 18 0.83 0.94 0.94 0.80
putvoxel 21 41 31 0.83 0.94 0.94 0.80
putvoxel 21 42 19 0.83 0.94 0.94 0.80
putvoxel 21 43 17 0.83 0.94 0.94 0.80
putvoxel 21 48 40 0.83 0.94 0.94 0.80
putvoxel 21 50 4 0.83 0.94 0.94 0.80
putvoxel 21 51 18 0.83 0.94 0.94 0.80
putvoxel 21 54 3 0.83 0.94 0.94 0.80
putvoxel 21 55 7 0.83 0.94 0.94 0.80
putvoxel 21 57 0 0.83 0.94 0.94 0.80
putvoxel 21 59 30 0.83 0.94 0.94 0.80
putvoxel 22 5 46 0.83 0.94 0.94 0.80
putvoxel 22 5 62 0.83 0.94 0.94 0.80
putvoxel 22 7 53 0.83 0.94 0.94 0.80
putvoxel 22 9 5 0.83 0.94 0.94 0.80
putvoxel 22 10 7 0.83 0.94 0.94 0.80
putvoxel 22 10 16 0.83 0.94 0.94 0.80
putvoxel 22 13 39 0.83 0.94 0.94 0.80
putvoxel 22 14 3 0.83 0.94 0.94 0.80
putvoxel 22 14 10 0.83 0.94 0.94 0.80
putvoxel 22 19 5 0.83 0.94 0.94 0.80
putvoxel 22 20 37 0.83 0.94 0.94 0.80
putvoxel 22 21 20 0.83 0.94 0.94 0.80
putvoxel 22 24 18 0.83 0.94 0.94 0.80
putvoxel 22 26 13 0.83 0.94 0.94 0.80
putvoxel 22 27 44 0.83 0.94 0.94 0.80
putvoxel 22 27 48 0.83 0.94 0.94 0.80
putvoxel 22 35 1 0.83 0.94 0.94 0.80
putvoxel 22 38 62 0.83 0.94 0.94 0.80
putvoxel 22 41 23 0.83 0.94 0.94 0.80
putvoxel 22 47 62 0.83 0.94 0.94 0.80
putvoxel 22 54 17 0.83 0.94 0.94 0.80
putvoxel 22 54 33 0.83 0.94 0.94 0.80
putvoxel 22 56 57 0.83 0.94 0.94 0.80
putvoxel 22 57 13 0.83 0.94 0.94 0.80
putvoxel 22 58 38 0.83 0.94 0.94 0.80
putvoxel 23 0 49 0.83 0.94 0.94 0.80
putvoxel 23 1 18 0.83 0.94 0.94 0.80
putvoxel 23 1 26 0.83 0.94 0.94 0.80
putvoxel 23 1 53 0.83 0.94 0.94 0.80
putvoxel 23 4 8 0.83 0.94 0.94 0.80
putvoxel 23 5 6 0.83 0.94 0.94 0.80
putvoxel 23 8 55 0.83 0.94 0.94 0.80
putvoxel 23 9 59 0.83 0.94 0.94 0.80
putvoxel 23 10 61 0.83 0.94 0.94 0.80
putvoxel 23 15 18 0.83 0.94 0.94 0.80
putvoxel 23 16 26 0.83 0.94 0.94 0.80
putvoxel 23 16 54 0.83 0.94 0.94 0.80
putvoxel 23 18 50 0.83 0.94 0.94 0.80
putvoxel 23 19 16 0.83 0.94 0.94 0.80
putvoxel 23 21 48 0.83 0.94 0.94 0.80
putvoxel 23 25 3 0.83 0.94 0.94 0.80
putvoxel 23 26 26 0.83 0.94 0.94 0.80
putvoxel 23 26 30 0.83 0.94 0.94 0.80
putvoxel 23 27 4 0.83 0.94 0.94 0.80
putvoxel 23 27 46 0.83 0.94 0.94 0.80
putvoxel 23 27 50 0.83 0.94 0.94 0.80
putvoxel 23 28 58 0.83 0.94 0.94 0.80
putvoxel 23 29 62 0.83 0.94 0.94 0.80
putvoxel 23 32 9 0.83 0.94 0.94 0.80
putvoxel 23 32 23 0.83 0.94 0.94 0.80
putvoxel 23 33 30 0.83 0.94 0.94 0.80
putvoxel 23 33 31 0.83 0.94 0.94 0.80
putvoxel 23 33 44 0.83 0.94 0.94 0.80
putvoxel 23 34 48 0.83 0.94 0.94 0.80
putvoxel 23 35 24 0.83 0.94 0.94 0.80
putvoxel 23 36 1 0.83 0.94 0.94 0.80
putvoxel 23 38 23 0.83 0.94 0.94 0.80
putvoxel 23 38 57 0.83 0.94 0.94 0.80
putvoxel 23 38 59 0.83 0.94 0.94 0.80
putvoxel 23 39 57 0.83 0.94 0.94 0.80
putvoxel 23 44 61 0.83 0.94 0.94 0.80
putvoxel 23 45 41 0.83 0.94 0.94 0.80
putvoxel 23 46 0 0.83 0.94 0.94 0.80
putvoxel 23 46 6 0.83 0.94 0.94 0.80
putvoxel 23 46 36 0.83 0.94 0.94 0.80
putvoxel 23 48 20 0.83 0.94 0.94 0.80
putvoxel 23 48 39 0.83 0.94 0.94 0.80
putvoxel 23 53 9 0.83 0.94 0.94 0.80
putvoxel 23 54 58 0.83 0.94 0.94 0.80
putvoxel 23 62 63 0.83 0.94 0.94 0.80
putvoxel 23 63 58 0.83 0.94 0.94 0.80
putvoxel 23 63 59 0.83 0.94 0.94 0.80
putvoxel 24 0 26 0.83 0.94 0.94 0.80
putvoxel 24 7 2 0.83 0.94 0.94 0.80
putvoxel 24 11 54 0.83 0.94 0.94 0.80
putvoxel 24 12 38 0.83 0.94 0.94 0.80
putvoxel 24 14 41 0.83 0.94 0.94 0.80
putvoxel 24 15 26 0.83 0.94 0.94 0.80
putvoxel 24 16 52 0.83 0.94 0.94 0.80
putvoxel 24 17 49 0.83 0.94 0.94 0.80
putvoxel 24 18 43 0.83 0.94 0.94 0.80
putvoxel 24 20 28 0.83 0.94 0.94 0.80
putvoxel 24 20 63 0.83 0.94 0.94 0.80
putvoxel 24 21 10 0.83 0.94 0.94 0.80
putvoxel 24 22 43 0.83 0.94 0.94 0.80
putvoxel 24 22 49 0.83 0.94 0.94 0.80
putvoxel 24 26 47 0.83 0.94 0.94 0.80
putvoxel 24 27 30 0.83 0.94 0.94 0.80
putvoxel 24 28 42 0.83 0.94 0.94 0.80
putvoxel 24 30 59 0.83 0.94 0.94 0.80
putvoxel 24 31 9 0.83 0.94 0.94 0.80
putvoxel 24 32 29 0.83 0.94 0.94 0.80
putvoxel 24 41 28 0.83 0.94 0.94 0.80
putvoxel 24 41 60 0.83 0.94 0.94 0.80
putvoxel 24 47 40 0.83 0.94 0.94 0.80
putvoxel 24 47 56 0.83 0.94 0.94 0.80
putvoxel 24 48 29 0.83 0.94 0.94 0.80
putvoxel 24 50 26 0.83 0.94 0.94 0.80
putvoxel 24 52 12 0.83 0.94 0.94 0.80
putvoxel 24 53 60 0.83 0.94 0.94 0.80
putvoxel 24 53 62 0.83 0.94 0.94 0.80
putvoxel 24 58 55 0.83 0.94 0.94 0.80
putvoxel 24 59 12 0.83 0.94 0.94 0.80
putvoxel 24 60 3 0.83 0.94 0.94 0.80
putvoxel 24 62 32 0.83 0.94 0.94 0.80
putvoxel 25 2 16 0.83 0.94 0.94 0.80
putvoxel 25 3 16 0.83 0.94 0.94 0.80
putvoxel 25 3 17 0.83 0.94 0.94 0.80
putvoxel 25 7 56 0.83 0.94 0.94 0.80
putvoxel 25 15 55 0.83 0.94 0.94 0.80
putvoxel 25 16 22 0.83 0.94 0.94 0.80
putvoxel 25 16 50 0.83 0.94 0.94 0.80
putvoxel 25 19 7 0.83 0.94 0.94 0.80
putvoxel 25 27 19 0.83 0.94 0.94 0.80
putvoxel 25 27 27 0.83 0.94 0.94 0.80
putvoxel 25 27 52 0.83 0.94 0.94 0.80
putvoxel 25 28 11 0.83 0.94 0.94 0.80
putvoxel 25 28 59 0.83 0.94 0.94 0.80
putvoxel 25 31 25 0.83 0.94 0.94 0.80
putvoxel 25 32 42 0.83 0.94 0.94 0.80
putvoxel 25 36 23 0.83 0.94 0.94 0.80
putvoxel 25 37 39 0.83 0.94 0.94 0.80
putvoxel 25 40 11 0.83 0.94 0.94 0.80
putvoxel 25 40 26 0.83 0.94 0.94 0.80
putvoxel 25 49 51 0.83 0.94 0.94 0.80
putvoxel 25 51 57 0.83 0.94 0.94 0.80
putvoxel 25 56 23 0.83 0.94 0.94 0.80
putvoxel 25 60 6 0.83 0.94 0.94 0.80
putvoxel 25 61 37 0.83 0.94 0.94 0.80
putvoxel 25 62 62 0.83 0.94 0.94 0.80
putvoxel 25 63 41 0.83 0.94 0.94 0.80
putvoxel 26 4 39 0.83 0.94 0.94 0.80
putvoxel 26 4 53 0.83 0.94 0.94 0.80
putvoxel 26 10 24 0.83 0.94 0.94 0.80
putvoxel 26 10 58 0.83 0.94 0.94 0.80
putvoxel 26 12 18 0.83 0.94 0.94 0.80
putvoxel 26 15 15 0.83 0.94 0.94 0.80
putvoxel 26 17 31 0.83 0.94 0.94 0.80
putvoxel 26 22 55 0.83 0.94 0.94 0.80
putvoxel 26 25 18 0.83 0.94 0.94 0.80
putvoxel 26 27 56 0.83 0.94 0.94 0.80
putvoxel 26 31 34 0.83 0.94 0.94 0.80
putvoxel 26 34 22 0.83 0.94 0.94 0.80
putvoxel 26 34 51 0.83 0.94 0.94 0.80
putvoxel 26 36 57 0.83 0.94 0.94 0.80
putvoxel 26 37 50 0.83 0.94 0.94 0.80
putvoxel 26 44 8 0.83 0.94 0.94 0.80
putvoxel 26 44 30 0.83 0.94 0.94 0.80
putvoxel 26 46 44 0.83 0.94 0.94 0.80
putvoxel 26 47 60 0.83 0.94 0.94 0.80
putvoxel 26 48 21 0.83 0.94 0.94 0.80
putvoxel 26 49 18 0.83 0.94 0.94 0.80
putvoxel 26 50 9 0.83 0.94 0.94 0.80
putvoxel 26 50 48 0.83 0.94 0.94 0.80
putvoxel 26 51 35 0.83 0.94 0.94 0.80
putvoxel 26 52 61 0.83 0.94 0.94 0.80
putvoxel 26 53 56 0.83 0.94 0.94 0.80
putvoxel 26 54 47 0.83 0.94 0.94 0.80
putvoxel 26 63 22 0.83 0.94 0.94 0.80
putvoxel 26 63 32 0.83 0.94 0.94 0.80
putvoxel 27 1 38 0.83 0.94 0.94 0.80
putvoxel 27 6 53 0.83 0.94 0.94 0.80
putvoxel 27 7 2 0.83 0.94 0.94 0.80
putvoxel 27 8 20 0.83 0.94 0.94 0.80
putvoxel 27 8 29 0.83 0.94 0.94 0.80
putvoxel 27 8 62 0.83 0.94 0.94 0.80
putvoxel 27 9 49 0.83 0.94 0.94 0.80
putvoxel 27 13 7 0.83 0.94 0.94 0.80
putvoxel 27 13 35 0.83 0.94 0.94 0.80
putvoxel 27 13 46 0.83 0.94 0.94 0.80
putvoxel 27 19 52 0.83 0.94 0.94 0.80
putvoxel 27 22 51 0.83 0.94 0.94 0.80
putvoxel 27 23 4 0.83 0.94 0.94 0.80
putvoxel 27 24 63 0.83 0.94 0.94 0.80
putvoxel 27 27 3 0.83 0.94 0.94 0.80
putvoxel 27 28 26 0.83 0.94 0.94 0.80
putvoxel 27 30 0 0.83 0.94 0.94 0.80
putvoxel 27 31 0 0.83 0.94 0.94 0.80
putvoxel 27 35 33 0.83 0.94 0.94 0.80
putvoxel 27 37 9 0.83 0.94 0.94 0.80
putvoxel 27 43 43 0.83 0.94 0.94 0.80
putvoxel 27 45 63 0.83 0.94 0.94 0.80
putvoxel 27 46 27 0.83 0.94 0.94 0.80
putvoxel 27 48 52 0.83 0.94 0.94 0.80
putvoxel 27 49 40 0.83 0.94 0.94 0.80
putvoxel 27 52 60 0.83 0.94 0.94 0.80
putvoxel 27 55 54 0.83 0.94 0.94 0.80
putvoxel 27 56 31 0.83 0.94 0.94 0.80
putvoxel 27 59 5 0.83 0.94 0.94 0.80
putvoxel 27 61 34 0.83 0.94 0.94 0.80
putvoxel 28 3 15 0.83 0.94 0.94 0.80
putvoxel 28 3 19 0.83 0.94 0.94 0.80
putvoxel 28 6 46 0.83 0.94 0.94 0.80
putvoxel 28 7 19 0.83 0.94 0.94 0.80
putvoxel 28 8 58 0.83 0.94 0.94 0.80
putvoxel 28 10 37 0.83 0.94 0.94 0.80
putvoxel 28 13 8 0.83 0.94 0.94 0.80
putvoxel 28 15 2 0.83 0.94 0.94 0.80
putvoxel 28 15 52 0.83 0.94 0.94 0.80
putvoxel 28 17 45 0.83 0.94 0.94 0.80
putvoxel 28 19 30 0.83 0.94 0.94 0.80
putvoxel 28 20 32 0.83 0.94 0.94 0.80
putvoxel 28 25 54 0.83 0.94 0.94 0.80
putvoxel 28 27 16 0.83 0.94 0.94 0.80
putvoxel 28 29 46 0.83 0.94 0.94 0.80
putvoxel 28 30 43 0.83 0.94 0.94 0.80
putvoxel 28 37 23 0.83 0.94 0.94 0.80
putvoxel 28 41 17 0.83 0.94 0.94 0.80
putvoxel 28 43 32 0.83 0.94 0.94 0.80
putvoxel 28 48 54 0.83 0.94 0.94 0.80
putvoxel 28 49 63 0.83 0.94 0.94 0.80
putvoxel 28 58 63 0.83 0.94 0.94 0.80
putvoxel 28 61 7 0.83 0.94 0.94 0.80
putvoxel 29 0 52 0.83 0.94 0.94 0.80
putvoxel 29 3 0 0.83 0.94 0.94 0.80
putvoxel 29 11 29 0.83 0.94 0.94 0.80
putvoxel 29 14 18 0.83 0.94 0.94 0.80
putvoxel 29 14 52 0.83 0.94 0.94 0.80
putvoxel 29 15 2 0.83 0.94 0.94 0.80
putvoxel 29 15 62 0.83 0.94 0.94 0.80
putvoxel 29 18 17 0.83 0.94 0.94 0.80
putvoxel 29 19 24 0.83 0.94 0.94 0.80
putvoxel 29 21 59 0.83 0.94 0.94 0.80
putvoxel 29 23 22 0.83 0.94 0.94 0.80
putvoxel 29 27 11 0.83 0.94 0.94 0.80
putvoxel 29 32 3 0.83 0.94 0.94 0.80
putvoxel 29 36 32 0.83 0.94 0.94 0.80
putvoxel 29 36 53 0.83 0.94 0.94 0.80
putvoxel 29 41 26 0.83 0.94 0.94 0.80
putvoxel 29 43 47 0.83 0.94 0.94 0.80
putvoxel 29 44 3 0.83 0.94 0.94 0.80
putvoxel 29 47 15 0.83 0.94 0.94 0.80
putvoxel 29 48 19 0.83 0.94 0.94 0.80
putvoxel 29 55 43 0.83 0.94 0.94 0.80
putvoxel 29 58 61 0.83 0.94 0.94 0.80
putvoxel 29 63 59 0.83 0.94 0.94 0.80
putvoxel 30 0 35 0.83 0.94 0.94 0.80
putvoxel 30 2 13 0.83 0.94 0.94 0.80
putvoxel 30 2 45 0.83 0.94 0.94 0.80
putvoxel 30 3 17 0.83 0.94 0.94 0.80
putvoxel 30 3 27 0.83 0.94 0.94 0.80
putvoxel 30 7 42 0.83 0.94 0.94 0.80
putvoxel 30 13 20 0.83 0.94 0.94 0.80
putvoxel 30 13 61 0.83 0.94 0.94 0.80
putvoxel 30 25 53 0.83 0.94 0.94 0.80
putvoxel 30 26 19 0.83 0.94 0.94 0.80
putvoxel 30 36 4 0.83 0.94 0.94 0.80
putvoxel 30 38 21 0.83 0.94 0.94 0.80
putvoxel 30 39 56 0.83 0.94 0.94 0.80
putvoxel 30 41 7 0.83 0.94 0.94 0.80
putvoxel 30 41 11 0.83 0.94 0.94 0.80
putvoxel 30 46 44 0.83 0.94 0.94 0.80
putvoxel 30 47 54 0.83 0.94 0.94 0.80
putvoxel 30 50 3 0.83 0.94 0.94 0.80
putvoxel 30 51 32 0.83 0.94 0.94 0.80
putvoxel 30 51 58 0.83 0.94 0.94 0.80
putvoxel 30 52 38 0.83 0.94 0.94 0.80
putvoxel 30 55 43 0.83 0.94 0.94 0.80
putvoxel 30 56 60 0.83 0.94 0.94 0.80
putvoxel 30 62 22 0.83 0.94 0.94 0.80
putvoxel 30 62 42 0.83 0.94 0.94 0.80
putvoxel 30 63 23 0.83 0.94 0.94 0.80
putvoxel 31 0 4 0.83 0.94 0.94 0.80
putvoxel 31 0 43 0.83 0.94 0.94 0.80
putvoxel 31 3 40 0.83 0.94 0.94 0.80
putvoxel 31 7 16 0.83 0.94 0.94 0.80
putvoxel 31 14 0 0.83 0.94 0.94 0.80
putvoxel 31 15 14 0.83 0.94 0.94 0.80
putvoxel 31 15 22 0.83 0.94 0.94 0.80
putvoxel 31 16 61 0.83 0.94 0.94 0.80
putvoxel 31 17 48 0.83 0.94 0.94 0.80
putvoxel 31 19 31 0.83 0.94 0.94 0.80
putvoxel 31 25 62 0.83 0.94 0.94 0.80
putvoxel 31 27 9 0.83 0.94 0.94 0.80
putvoxel 31 28 24 0.83 0.94 0.94 0.80
putvoxel 31 29 44 0.83 0.94 0.94 0.80
putvoxel 31 34 7 0.83 0.94 0.94 0.80
putvoxel 31 34 44 0.83 0.94 0.94 0.80
putvoxel 31 35 56 0.83 0.94 0.94 0.80
putvoxel 31 36 24 0.83 0.94 0.94 0.80
putvoxel 31 36 42 0.83 0.94 0.94 0.80
putvoxel 31 42 33 0.83 0.94 0.94 0.80
putvoxel 31 44 33 0.83 0.94 0.94 0.80
putvoxel 31 45 15 0.83 0.94 0.94 0.80
putvoxel 31 51 21 0.83 0.94 0.94 0.80
putvoxel 31 51 62 0.83 0.94 0.94 0.80
putvoxel 31 53 49 0.83 0.94 0.94 0.80
putvoxel 31 54 47 0.83 0.94 0.94 0.80
putvoxel 31 57 54 0.83 0.94 0.94 0.80
putvoxel 31 59 48 0.83 0.94 0.94 0.80
putvoxel 31 61 11 0.83 0.94 0.94 0.80
putvoxel 31 62 0 0.83 0.94 0.94 0.80
putvoxel 31 63 10 0.83 0.94 0.94 0.80
putvoxel 31 63 39 0.83 0.94 0.94 0.80
putvoxel 32 1 57 0.83 0.94 0.94 0.80
putvoxel 32 2 63 0.83 0.94 0.94 0.80
putvoxel 32 3 31 0.83 0.94 0.94 0.80
putvoxel 32 4 51 0.83 0.94 0.94 0.80
putvoxel 32 10 26 0.83 0.94 0.94 0.80
putvoxel 32 13 53 0.83 0.94 0.94 0.80
putvoxel 32 16 6 0.83 0.94 0.94 0.80
putvoxel 32 18 27 0.83 0.94 0.94 0.80
putvoxel 32 24 17 0.83 0.94 0.94 0.80
putvoxel 32 24 63 0.83 0.94 0.94 0.80
putvoxel 32 25 36 0.83 0.94 0.94 0.80
putvoxel 32 28 14 0.83 0.94 0.94 0.80
putvoxel 32 29 35 0.83 0.94 0.94 0.80
putvoxel 32 31 57 0.83 0.94 0.94 0.80
putvoxel 32 35 9 0.83 0.94 0.94 0.80
putvoxel 32 38 31 0.83 0.94 0.94 0.80
putvoxel 32 39 63 0.83 0.94 0.94 0.80
putvoxel 32 42 56 0.83 0.94 0.94 0.80
putvoxel 32 43 57 0.83 0.94 0.94 0.80
putvoxel 32 46 25 0.83 0.94 0.94 0.80
putvoxel 32 48 29 0.83 0.94 0.94 0.80
putvoxel 32 52 50 0.83 0.94 0.94 0.80
putvoxel 32 55 28 0.83 0.94 0.94 0.80
putvoxel 32 59 14 0.83 0.94 0.94 0.80
putvoxel 32 60 3 0.83 0.94 0.94 0.80
putvoxel 33 0 32 0.83 0.94 0.94 0.80
putvoxel 33 5 5 0.83 0.94 0.94 0.80
putvoxel 33 5 39 0.83 0.94 0.94 0.80
putvoxel 33 11 28 0.83 0.94 0.94 0.80
putvoxel 33 16 35 0.83 0.94 0.94 0.80
putvoxel 33 17 11 0.83 0.94 0.94 0.80
putvoxel 33 17 13 0.83 0.94 0.94 0.80
putvoxel 33 18 30 0.83 0.94 0.94 0.80
putvoxel 33 18 60 0.83 0.94 0.94 0.80
putvoxel 33 20 51 0.83 0.94 0.94 0.80
putvoxel 33 21 45 0.83 0.94 0.94 0.80
putvoxel 33 24 13 0.83 0.94 0.94 0.80
putvoxel 33 24 15 0.83 0.94 0.94 0.80
putvoxel 33 25 41 0.83 0.94 0.94 0.80
putvoxel 33 26 30 0.83 0.94 0.94 0.80
putvoxel 33 33 28 0.83 0.94 0.94 0.80
putvoxel 33 36 32 0.83 0.94 0.94 0.80
putvoxel 33 38 34 0.83 0.94 0.94 0.80
putvoxel 33 41 31 0.83 0.94 0.94 0.80
putvoxel 33 42 56 0.83 0.94 0.94 0.80
putvoxel 33 44 44 0.83 0.94 0.94 0.80
putvoxel 33 50 4 0.83 0.94 0.94 0.80
putvoxel 33 50 20 0.83 0.94 0.94 0.80
putvoxel 33 50 48 0.83 0.94 0.94 0.80
putvoxel 33 53 3 0.83 0.94 0.94 0.80
putvoxel 33 54 4 0.83 0.94 0.94 0.80
putvoxel 33 54 40 0.83 0.94 0.94 0.80
putvoxel 33 57 38 0.83 0.94 0.94 0.80
putvoxel 33 59 63 0.83 0.94 0.94 0.80
putvoxel 33 61 7 0.83 0.94 0.94 0.80
putvoxel 34 2 20 0.83 0.94 0.94 0.80
putvoxel 34 4 19 0.83 0.94 0.94 0.80
putvoxel 34 6 45 0.83 0.94 0.94 0.80
putvoxel 34 9 44 0.83 0.94 0.94 0.80
putvoxel 34 10 33 0.83 0.94 0.94 0.80
putvoxel 34 16 45 0.83 0.94 0.94 0.80
putvoxel 34 19 6 0.83 0.94 0.94 0.80
putvoxel 34 24 46 0.83 0.94 0.94 0.80
putvoxel 34 25 43 0.83 0.94 0.94 0.80
putvoxel 34 27 30 0.83 0.94 0.94 0.80
putvoxel 34 31 35 0.83 0.94 0.94 0.80
putvoxel 34 37 6 0.83 0.94 0.94 0.80
putvoxel 34 40 5 0.83 0.94 0.94 0.80
putvoxel 34 40 11 0.83 0.94 0.94 0.80
putvoxel 34 43 15 0.83 0.94 0.94 0.80
putvoxel 34 46 62 0.83 0.94 0.94 0.80
putvoxel 34 47 17 0.83 0.94 0.94 0.80
putvoxel 34 47 47 0.83 0.94 0.94 0.80
putvoxel 34 49 19 0.83 0.94 0.94 0.80
putvoxel 34 49 59 0.83 0.94 0.94 0.80
putvoxel 34 50 31 0.83 0.94 0.94 0.80
putvoxel 34 56 57 0.83 0.94 0.94 0.80
putvoxel 34 56 61 0.83 0.94 0.94 0.80
putvoxel 35 0 15 0.83 0.94 0.94 0.80
putvoxel 35 2 25 0.83 0.94 0.94 0.80
putvoxel 35 4 18 0.83 0.94 0.94 0.80
putvoxel 35 11 9 0.83 0.94 0.94 0.80
putvoxel 35 11 46 0.83 0.94 0.94 0.80
putvoxel 35 13 58 0.83 0.94 0.94 0.80
putvoxel 35 18 44 0.83 0.94 0.94 0.80
putvoxel 35 20 7 0.83 0.94 0.94 0.80
putvoxel 35 20 51 0.83 0.94 0.94 0.80
putvoxel 35 21 8 0.83 0.94 0.94 0.80
putvoxel 35 21 49 0.83 0.94 0.94 0.80
putvoxel 35 22 19 0.83 0.94 0.94 0.80
putvoxel 35 22 55 0.83 0.94 0.94 0.80
putvoxel 35 23 36 0.83 0.94 0.94 0.80
putvoxel 35 27 37 0.83 0.94 0.94 0.80
putvoxel 35 32 30 0.83 0.94 0.94 0.80
putvoxel 35 39 48 0.83 0.94 0.94 0.80
putvoxel 35 40 16 0.83 0.94 0.94 0.80
putvoxel 35 43 11 0.83 0.94 0.94 0.80
putvoxel 35 44 13 0.83 0.94 0.94 0.80
putvoxel 35 44 42 0.83 0.94 0.94 0.80
putvoxel 35 45 47 0.83 0.94 0.94 0.80
putvoxel 35 50 36 0.83 0.94 0.94 0.80
putvoxel 35 57 3 0.83 0.94 0.94 0.80
putvoxel 35 59 6 0.83 0.94 0.94 0.80
putvoxel 35 60 10 0.83 0.94 0.94 0.80
putvoxel 35 60 63 0.83 0.94 0.94 0.80
putvoxel 35 61 4 0.83 0.94 0.94 0.80
putvoxel 35 63 27 0.83 0.94 0.94 0.80
putvoxel 36 3 44 0.83 0.94 0.94 0.80
putvoxel 36 7 54 0.83 0.94 0.94 0.80
putvoxel 36 8 38 0.83 0.94 0.94 0.80
putvoxel 36 9 44 0.83 0.94 0.94 0.80
putvoxel 36 11 14 0.83 0.94 0.94 0.80
putvoxel 36 12 47 0.83 0.94 0.94 0.80
putvoxel 36 13 1 0.83 0.94 0.94 0.80
putvoxel 36 17 3 0.83 0.94 0.94 0.80
putvoxel 36 21 40 0.83 0.94 0.94 0.80
putvoxel 36 21 48 0.83 0.94 0.94 0.80
putvoxel 36 23 15 0.83 0.94 0.94 0.80
putvoxel 36 27 54 0.83 0.94 0.94 0.80
putvoxel 36 29 41 0.83 0.94 0.94 0.80
putvoxel 36 30 23 0.83 0.94 0.94 0.80
putvoxel 36 30 27 0.83 0.94 0.94 0.80
putvoxel 36 32 15 0.83 0.94 0.94 0.80
putvoxel 36 37 30 0.83 0.94 0.94 0.80
putvoxel 36 39 35 0.83 0.94 0.94 0.80
putvoxel 36 39 62 0.83 0.94 0.94 0.80
putvoxel 36 40 61 0.83 0.94 0.94 0.80
putvoxel 36 43 26 0.83 0.94 0.94 0.80
putvoxel 36 51 23 0.83 0.94 0.94 0.80
putvoxel 36 51 31 0.83 0.94 0.94 0.80
putvoxel 36 53 8 0.83 0.94 0.94 0.80
putvoxel 36 56 17 0.83 0.94 0.94 0.80
putvoxel 36 56 58 0.83 0.94 0.94 0.80
putvoxel 36 59 43 0.83 0.94 0.94 0.80
putvoxel 36 62 35 0.83 0.94 0.94 0.80
putvoxel 37 3 37 0.83 0.94 0.94 0.80
putvoxel 37 8 10 0.83 0.94 0.94 0.80
putvoxel 37 8 13 0.83 0.94 0.94 0.80
putvoxel 37 9 57 0.83 0.94 0.94 0.80
putvoxel 37 10 7 0.83 0.94 0.94 0.80
putvoxel 37 10 35 0.83 0.94 0.94 0.80
putvoxel 37 12 18 0.83 0.94 0.94 0.80
putvoxel 37 14 45 0.83 0.94 0.94 0.80
putvoxel 37 16 38 0.83 0.94 0.94 0.80
putvoxel 37 18 29 0.83 0.94 0.94 0.80
putvoxel 37 19 46 0.83 0.94 0.94 0.80
putvoxel 37 19 60 0.83 0.94 0.94 0.80
putvoxel 37 25 10 0.83 0.94 0.94 0.80
putvoxel 37 31 56 0.83 0.94 0.94 0.80
putvoxel 37 34 52 0.83 0.94 0.94 0.80
putvoxel 37 35 47 0.83 0.94 0.94 0.80
putvoxel 37 35 58 0.83 0.94 0.94 0.80
putvoxel 37 37 46 0.83 0.94 0.94 0.80
putvoxel 37 38 33 0.83 0.94 0.94 0.80
putvoxel 37 39 50 0.83 0.94 0.94 0.80
putvoxel 37 40 16 0.83 0.94 0.94 0.80
putvoxel 37 42 37 0.83 0.94 0.94 0.80
putvoxel 37 44 35 0.83 0.94 0.94 0.80
putvoxel 37 45 8 0.83 0.94 0.94 0.80
putvoxel 37 49 50 0.83 0.94 0.94 0.80
putvoxel 37 53 49 0.83 0.94 0.94 0.80
putvoxel 37 54 46 0.83 0.94 0.94 0.80
putvoxel 37 56 28 0.83 0.94 0.94 0.80
putvoxel 37 58 22 0.83 0.94 0.94 0.80
putvoxel 37 62 2 0.83 0.94 0.94 0.80
putvoxel 37 63 3 0.83 0.94 0.94 0.80
putvoxel 38 6 5 0.83 0.94 0.94 0.80
putvoxel 38 6 10 0.83 0.94 0.94 0.80
putvoxel 38 7 28 0.83 0.94 0.94 0.80
putvoxel 38 9 39 0.83 0.94 0.94 0.80
putvoxel 38 10 41 0.83 0.94 0.94 0.80
putvoxel 38 16 53 0.83 0.94 0.94 0.80
putvoxel 38 16 55 0.83 0.94 0.94 0.80
putvoxel 38 16 61 0.83 0.94 0.94 0.80
putvoxel 38 19 60 0.83 0.94 0.94 0.80
putvoxel 38 20 5 0.83 0.94 0.94 0.80
putvoxel 38 22 19 0.83 0.94 0.94 0.80
putvoxel 38 23 63 0.83 0.94 0.94 0.80
putvoxel 38 24 7 0.83 0.94 0.94 0.80
putvoxel 38 27 19 0.83 0.94 0.94 0.80
putvoxel 38 33 50 0.83 0.94 0.94 0.80
putvoxel 38 34 7 0.83 0.94 0.94 0.80
putvoxel 38 34 55 0.83 0.94 0.94 0.80
putvoxel 38 38 2 0.83 0.94 0.94 0.80
putvoxel 38 38 57 0.83 0.94 0.94 0.80
putvoxel 38 39 40 0.83 0.94 0.94 0.80
putvoxel 38 41 34 0.83 0.94 0.94 0.80
putvoxel 38 44 60 0.83 0.94 0.94 0.80
putvoxel 38 46 62 0.83 0.94 0.94 0.80
putvoxel 38 47 30 0.83 0.94 0.94 0.80
putvoxel 38 49 25 0.83 0.94 0.94 0.80
putvoxel 38 50 12 0.83 0.94 0.94 0.80
putvoxel 38 51 9 0.83 0.94 0.94 0.80
putvoxel 38 57 30 0.83 0.94 0.94 0.80
putvoxel 38 57 45 0.83 0.94 0.94 0.80
putvoxel 38 62 14 0.83 0.94 0.94 0.80
putvoxel 38 62 39 0.83 0.94 0.94 0.80
putvoxel 38 62 42 0.83 0.94 0.94 0.80
putvoxel 39 0 39 0.83 0.94 0.94 0.80
putvoxel 39 1 11 0.83 0.94 0.94 0.80
putvoxel 39 2 4 0.83 0.94 0.94 0.80
putvoxel 39 2 46 0.83 0.94 0.94 0.80
putvoxel 39 5 52 0.83 0.94 0.94 0.80
putvoxel 39 13 31 0.83 0.94 0.94 0.80
putvoxel 39 15 28 0.83 0.94 0.94 0.80
putvoxel 39 15 44 0.83 0.94 0.94 0.80
putvoxel 39 17 8 0.83 0.94 0.94 0.80
putvoxel 39 17 54 0.83 0.94 0.94 0.80
putvoxel 39 20 63 0.83 0.94 0.94 0.80
putvoxel 39 24 37 0.83 0.94 0.94 0.80
putvoxel 39 25 4 0.83 0.94 0.94 0.80
putvoxel 39 26 18 0.83 0.94 0.94 0.80
putvoxel 39 27 0 0.83 0.94 0.94 0.80
putvoxel 39 28 53 0.83 0.94 0.94 0.80
putvoxel 39 31 5 0.83 0.94 0.94 0.80
putvoxel 39 32 10 0.83 0.94 0.94 0.80
putvoxel 39 32 44 0.83 0.94 0.94 0.80
putvoxel 39 40 50 0.83 0.94 0.94 0.80
putvoxel 39 50 17 0.83 0.94 0.94 0.80
putvoxel 39 51 23 0.83 0.94 0.94 0.80
putvoxel 39 51 32 0.83 0.94 0.94 0.80
putvoxel 39 52 20 0.83 0.94 0.94 0.80
putvoxel 39 59 47 0.83 0.94 0.94 0.80
putvoxel 39 61 28 0.83 0.94 0.94 0.80
putvoxel 40 1 30 0.83 0.94 0.94 0.80
putvoxel 40 10 59 0.83 0.94 0.94 0.80
putvoxel 40 13 47 0.83 0.94 0.94 0.80
putvoxel 40 14 36 0.83 0.94 0.94 0.80
putvoxel 40 18 20 0.83 0.94 0.94 0.80
putvoxel 40 23 40 0.83 0.94 0.94 0.80
putvoxel 40 27 59 0.83 0.94 0.94 0.80
putvoxel 40 29 27 0.83 0.94 0.94 0.80
putvoxel 40 31 61 0.83 0.94 0.94 0.80
putvoxel 40 32 3 0.83 0.94 0.94 0.80
putvoxel 40 34 12 0.83 0.94 0.94 0.80
putvoxel 40 35 60 0.83 0.94 0.94 0.80
putvoxel 40 36 21 0.83 0.94 0.94 0.80
putvoxel 40 38 37 0.83 0.94 0.94 0.80
putvoxel 40 41 57 0.83 0.94 0.94 0.80
putvoxel 40 45 62 0.83 0.94 0.94 0.80
putvoxel 40 49 17 0.83 0.94 0.94 0.80
putvoxel 40 49 52 0.83 0.94 0.94 0.80
putvoxel 40 52 31 0.83 0.94 0.94 0.80
putvoxel 40 54 4 0.83 0.94 0.94 0.80
putvoxel 40 60 51 0.83 0.94 0.94 0.80
putvoxel 40 62 24 0.83 0.94 0.94 0.80
putvoxel 41 2 20 0.83 0.94 0.94 0.80
putvoxel 41 4 1 0.83 0.94 0.94 0.80
putvoxel 41 11 60 0.83 0.94 0.94 0.80
putvoxel 41 12 38 0.83 0.94 0.94 0.80
putvoxel 41 15 41 0.83 0.94 0.94 0.80
putvoxel 41 20 57 0.83 0.94 0.94 0.80
putvoxel 41 23 7 0.83 0.94 0.94 0.80
putvoxel 41 26 31 0.83 0.94 0.94 0.80
putvoxel 41 26 61 0.83 0.94 0.94 0.80
putvoxel 41 28 62 0.83 0.94 0.94 0.80
putvoxel 41 32 2 0.83 0.94 0.94 0.80
putvoxel 41 32 33 0.83 0.94 0.94 0.80
putvoxel 41 32 48 0.83 0.94 0.94 0.80
putvoxel 41 34 41 0.83 0.94 0.94 0.80
putvoxel 41 37 6 0.83 0.94 0.94 0.80
putvoxel 41 39 1 0.83 0.94 0.94 0.80
putvoxel 41 41 33 0.83 0.94 0.94 0.80
putvoxel 41 43 8 0.83 0.94 0.94 0.80
putvoxel 41 48 6 0.83 0.94 0.94 0.80
putvoxel 41 49 55 0.83 0.94 0.94 0.80
putvoxel 41 57 21 0.83 0.94 0.94 0.80
putvoxel 41 57 36 0.83 0.94 0.94 0.80
putvoxel 41 59 31 0.83 0.94 0.94 0.80
putvoxel 41 60 44 0.83 0.94 0.94 0.80
putvoxel 41 61 5 0.83 0.94 0.94 0.80
putvoxel 41 62 15 0.83 0.94 0.94 0.80
putvoxel 42 1 46 0.83 0.94 0.94 0.80
putvoxel 42 2 2 0.83 0.94 0.94 0.80
putvoxel 42 2 36 0.83 0.94 0.94 0.80
putvoxel 42 3 11 0.83 0.94 0.94 0.80
putvoxel 42 6 13 0.83 0.94 0.94 0.80
putvoxel 42 9 12 0.83 0.94 0.94 0.80
putvoxel 42 9 16 0.83 0.94 0.94 0.80
putvoxel 42 11 13 0.83 0.94 0.94 0.80
putvoxel 42 11 27 0.83 0.94 0.94 0.80
putvoxel 42 11 45 0.83 0.94 0.94 0.80
putvoxel 42 14 39 0.83 0.94 0.94 0.80
putvoxel 42 22 32 0.83 0.94 0.94 0.80
putvoxel 42 24 19 0.83 0.94 0.94 0.80
putvoxel 42 25 30 0.83 0.94 0.94 0.80
putvoxel 42 26 15 0.83 0.94 0.94 0.80
putvoxel 42 27 18 0.83 0.94 0.94 0.80
putvoxel 42 28 33 0.83 0.94 0.94 0.80
putvoxel 42 38 35 0.83 0.94 0.94 0.80
putvoxel 42 39 60 0.83 0.94 0.94 0.80
putvoxel 42 41 54 0.83 0.94 0.94 0.80
putvoxel 42 43 0 0.83 0.94 0.94 0.80
putvoxel 42 49 57 0.83 0.94 0.94 0.80
putvoxel 42 50 5 0.83 0.94 0.94 0.80
putvoxel 42 54 34 0.83 0.94 0.94 0.80
putvoxel 42 54 63 0.83 0.94 0.94 0.80
putvoxel 42 57 52 0.83 0.94 0.94 0.80
putvoxel 42 60 58 0.83 0.94 0.94 0.80
putvoxel 42 61 25 0.83 0.94 0.94 0.80
putvoxel 42 62 15 0.83 0.94 0.94 0.80
putvoxel 42 63 23 0.83 0.94 0.94 0.80
putvoxel 43 4 12 0.83 0.94 0.94 0.80
putvoxel 43 7 18 0.83 0.94 0.94 0.80
putvoxel 43 9 47 0.83 0.94 0.94 0.80
putvoxel 43 13 57 0.83 0.94 0.94 0.80
putvoxel 43 13 59 0.83 0.94 0.94 0.80
putvoxel 43 14 12 0.83 0.94 0.94 0.80
putvoxel 43 14 37 0.83 0.94 0.94 0.80
putvoxel 43 17 32 0.83 0.94 0.94 0.80
putvoxel 43 18 11 0.83 0.94 0.94 0.80
putvoxel 43 19 21 0.83 0.94 0.94 0.80
putvoxel 43 19 33 0.83 0.94 0.94 0.80
putvoxel 43 19 54 0.83 0.94 0.94 0.80
putvoxel 43 20 0 0.83 0.94 0.94 0.80
putvoxel 43 23 44 0.83 0.94 0.94 0.80
putvoxel 43 25 15 0.83 0.94 0.94 0.80
putvoxel 43 27 20 0.83 0.94 0.94 0.80
putvoxel 43 27 47 0.83 0.94 0.94 0.80
putvoxel 43 27 60 0.83 0.94 0.94 0.80
putvoxel 43 29 1 0.83 0.94 0.94 0.80
putvoxel 43 35 50 0.83 0.94 0.94 0.80
putvoxel 43 36 44 0.83 0.94 0.94 0.80
putvoxel 43 40 53 0.83 0.94 0.94 0.80
putvoxel 43 43 15 0.83 0.94 0.94 0.80
putvoxel 43 44 6 0.83 0.94 0.94 0.80
putvoxel 43 44 40 0.83 0.94 0.94 0.80
putvoxel 43 46 48 0.83 0.94 0.94 0.80
putvoxel 43 49 20 0.83 0.94 0.94 0.80
putvoxel 43 49 58 0.83 0.94 0.94 0.80
putvoxel 43 51 57 0.83 0.94 0.94 0.80
putvoxel 43 56 25 0.83 0.94 0.94 0.80
putvoxel 43 59 6 0.83 0.94 0.94 0.80
putvoxel 43 60 40 0.83 0.94 0.94 0.80
putvoxel 43 61 23 0.83 0.94 0.94 0.80
putvoxel 44 1 5 0.83 0.94 0.94 0.80
putvoxel 44 1 38 0.83 0.94 0.94 0.80
putvoxel 44 1 44 0.83 0.94 0.94 0.80
putvoxel 44 3 24 0.83 0.94 0.94 0.80
putvoxel 44 7 16 0.83 0.94 0.94 0.80
putvoxel 44 11 10 0.83 0.94 0.94 0.80
putvoxel 44 11 18 0.83 0.94 0.94 0.80
putvoxel 44 13 54 0.83 0.94 0.94 0.80
putvoxel 44 17 9 0.83 0.94 0.94 0.80
putvoxel 44 27 14 0.83 0.94 0.94 0.80
putvoxel 44 27 60 0.83 0.94 0.94 0.80
putvoxel 44 34 21 0.83 0.94 0.94 0.80
putvoxel 44 36 22 0.83 0.94 0.94 0.80
putvoxel 44 39 24 0.83 0.94 0.94 0.80
putvoxel 44 39 35 0.83 0.94 0.94 0.80
putvoxel 44 42 41 0.83 0.94 0.94 0.80
putvoxel 44 43 31 0.83 0.94 0.94 0.80
putvoxel 44 49 43 0.83 0.94 0.94 0.80
putvoxel 44 50 56 0.83 0.94 0.94 0.80
putvoxel 44 50 61 0.83 0.94 0.94 0.80
putvoxel 44 51 14 0.83 0.94 0.94 0.80
putvoxel 44 52 8 0.83 0.94 0.94 0.80
putvoxel 44 52 22 0.83 0.94 0.94 0.80
putvoxel 44 52 28 0.83 0.94 0.94 0.80
putvoxel 44 53 63 0.83 0.94 0.94 0.80
putvoxel 44 54 3 0.83 0.94 0.94 0.80
putvoxel 44 54 40 0.83 0.94 0.94 0.80
putvoxel 44 60 49 0.83 0.94 0.94 0.80
putvoxel 44 61 41 0.83 0.94 0.94 0.80
putvoxel 45 2 49 0.83 0.94 0.94 0.80
putvoxel 45 3 4 0.83 0.94 0.94 0.80
putvoxel 45 5 13 0.83 0.94 0.94 0.80
putvoxel 45 8 16 0.83 0.94 0.94 0.80
putvoxel 45 10 29 0.83 0.94 0.94 0.80
putvoxel 45 12 52 0.83 0.94 0.94 0.80
putvoxel 45 23 40 0.83 0.94 0.94 0.80
putvoxel 45 24 0 0.83 0.94 0.94 0.80
putvoxel 45 27 18 0.83 0.94 0.94 0.80
putvoxel 45 27 29 0.83 0.94 0.94 0.80
putvoxel 45 29 26 0.83 0.94 0.94 0.80
putvoxel 45 31 22 0.83 0.94 0.94 0.80
putvoxel 45 32 8 0.83 0.94 0.94 0.80
putvoxel 45 34 15 0.83 0.94 0.94 0.80
putvoxel 45 39 1 0.83 0.94 0.94 0.80
putvoxel 45 43 6 0.83 0.94 0.94 0.80
putvoxel 45 44 37 0.83 0.94 0.94 0.80
putvoxel 45 45 6 0.83 0.94 0.94 0.80
putvoxel 45 55 10 0.83 0.94 0.94 0.80
putvoxel 45 61 22 0.83 0.94 0.94 0.80
putvoxel 45 61 50 0.83 0.94 0.94 0.80
putvoxel 45 63 11 0.83 0.94 0.94 0.80
putvoxel 46 0 33 0.83 0.94 0.94 0.80
putvoxel 46 2 8 0.83 0.94 0.94 0.80
putvoxel 46 3 31 0.83 0.94 0.94 0.80
putvoxel 46 8 46 0.83 0.94 0.94 0.80
putvoxel 46 10 58 0.83 0.94 0.94 0.80
putvoxel 46 11 32 0.83 0.94 0.94 0.80
putvoxel 46 13 28 0.83 0.94 0.94 0.80
putvoxel 46 16 13 0.83 0.94 0.94 0.80
putvoxel 46 29 58 0.83 0.94 0.94 0.80
putvoxel 46 30 5 0.83 0.94 0.94 0.80
putvoxel 46 33 26 0.83 0.94 0.94 0.80
putvoxel 46 42 12 0.83 0.94 0.94 0.80
putvoxel 46 47 57 0.83 0.94 0.94 0.80
putvoxel 46 51 1 0.83 0.94 0.94 0.80
putvoxel 46 51 15 0.83 0.94 0.94 0.80
putvoxel 46 52 3 0.83 0.94 0.94 0.80
putvoxel 46 59 55 0.83 0.94 0.94 0.80
putvoxel 46 60 6 0.83 0.94 0.94 0.80
putvoxel 46 61 12 0.83 0.94 0.94 0.80
putvoxel 47 0 24 0.83 0.94 0.94 0.80
putvoxel 47 0 36 0.83 0.94 0.94 0.80
putvoxel 47 5 22 0.83 0.94 0.94 0.80
putvoxel 47 13 5 0.83 0.94 0.94 0.80
putvoxel 47 13 22 0.83 0.94 0.94 0.80
putvoxel 47 13 41 0.83 0.94 0.94 0.80
putvoxel 47 13 48 0.83 0.94 0.94 0.80
putvoxel 47 14 57 0.83 0.94 0.94 0.80
putvoxel 47 15 57 0.83 0.94 0.94 0.80
putvoxel 47 19 8 0.83 0.94 0.94 0.80
putvoxel 47 25 34 0.83 0.94 0.94 0.80
putvoxel 47 28 25 0.83 0.94 0.94 0.80
putvoxel 47 28 43 0.83 0.94 0.94 0.80
putvoxel 47 29 0 0.83 0.94 0.94 0.80
putvoxel 47 29 36 0.83 0.94 0.94 0.80
putvoxel 47 33 25 0.83 0.94 0.94 0.80
putvoxel 47 39 1 0.83 0.94 0.94 0.80
putvoxel 47 41 42 0.83 0.94 0.94 0.80
putvoxel 47 43 11 0.83 0.94 0.94 0.80
putvoxel 47 43 61 0.83 0.94 0.94 0.80
putvoxel 47 52 19 0.83 0.94 0.94 0.80
putvoxel 47 54 41 0.83 0.94 0.94 0.80
putvoxel 47 55 19 0.83 0.94 0.94 0.80
putvoxel 47 62 16 0.83 0.94 0.94 0.80
putvoxel 47 63 25 0.83 0.94 0.94 0.80
putvoxel 48 0 41 0.83 0.94 0.94 0.80
putvoxel 48 0 55 0.83 0.94 0.94 0.80
putvoxel 48 2 14 0.83 0.94 0.94 0.80
putvoxel 48 3 26 0.83 0.94 0.94 0.80
putvoxel 48 4 22 0.83 0.94 0.94 0.80
putvoxel 48 5 47 0.83 0.94 0.94 0.80
putvoxel 48 12 12 0.83 0.94 0.94 0.80
putvoxel 48 12 63 0.83 0.94 0.94 0.80
putvoxel 48 15 12 0.83 0.94 0.94 0.80
putvoxel 48 20 29 0.83 0.94 0.94 0.80
putvoxel 48 21 31 0.83 0.94 0.94 0.80
putvoxel 48 26 17 0.83 0.94 0.94 0.80
putvoxel 48 27 13 0.83 0.94 0.94 0.80
putvoxel 48 33 5 0.83 0.94 0.94 0.80
putvoxel 48 38 27 0.83 0.94 0.94 0.80
putvoxel 48 38 62 0.83 0.94 0.94 0.80
putvoxel 48 42 53 0.83 0.94 0.94 0.80
putvoxel 48 43 61 0.83 0.94 0.94 0.80
putvoxel 48 46 6 0.83 0.94 0.94 0.80
putvoxel 48 47 51 0.83 0.94 0.94 0.80
putvoxel 48 49 22 0.83 0.94 0.94 0.80
putvoxel 48 51 44 0.83 0.94 0.94 0.80
putvoxel 48 52 58 0.83 0.94 0.94 0.80
putvoxel 48 57 2 0.83 0.94 0.94 0.80
putvoxel 48 60 58 0.83 0.94 0.94 0.80
putvoxel 48 60 61 0.83 0.94 0.94 0.80
putvoxel 48 61 60 0.83 0.94 0.94 0.80
putvoxel 48 62 54 0.83 0.94 0.94 0.80
putvoxel 49 1 8 0.83 0.94 0.94 0.80
putvoxel 49 2 47 0.83 0.94 0.94 0.80
putvoxel 49 11 2 0.83 0.94 0.94 0.80
putvoxel 49 12 12 0.83 0.94 0.94 0.80
putvoxel 49 13 26 0.83 0.94 0.94 0.80
putvoxel 49 13 32 0.83 0.94 0.94 0.80
putvoxel 49 13 57 0.83 0.94 0.94 0.80
putvoxel 49 14 38 0.83 0.94 0.94 0.80
putvoxel 49 15 16 0.83 0.94 0.94 0.80
putvoxel 49 24 24 0.83 0.94 0.94 0.80
putvoxel 49 30 55 0.83 0.94 0.94 0.80
putvoxel 49 32 37 0.83 0.94 0.94 0.80
putvoxel 49 33 9 0.83 0.94 0.94 0.80
putvoxel 49 40 37 0.83 0.94 0.94 0.80
putvoxel 49 42 44 0.83 0.94 0.94 0.80
putvoxel 49 43 2 0.83 0.94 0.94 0.80
putvoxel 49 45 3 0.83 0.94 0.94 0.80
putvoxel 49 58 33 0.83 0.94 0.94 0.80
putvoxel 49 59 60 0.83 0.94 0.94 0.80
putvoxel 49 62 3 0.83 0.94 0.94 0.80
putvoxel 50 1 44 0.83 0.94 0.94 0.80
putvoxel 50 3 30 0.83 0.94 0.94 0.80
putvoxel 50 4 55 0.83 0.94 0.94 0.80
putvoxel 50 5 53 0.83 0.94 0.94 0.80
putvoxel 50 9 50 0.83 0.94 0.94 0.80
putvoxel 50 10 59 0.83 0.94 0.94 0.80
putvoxel 50 12 56 0.83 0.94 0.94 0.80
putvoxel 50 15 63 0.83 0.94 0.94 0.80
putvoxel 50 16 10 0.83 0.94 0.94 0.80
putvoxel 50 18 49 0.83 0.94 0.94 0.80
putvoxel 50 19 19 0.83 0.94 0.94 0.80
putvoxel 50 19 35 0.83 0.94 0.94 0.80
putvoxel 50 29 47 0.83 0.94 0.94 0.80
putvoxel 50 34 18 0.83 0.94 0.94 0.80
putvoxel 50 35 47 0.83 0.94 0.94 0.80
putvoxel 50 39 34 0.83 0.94 0.94 0.80
putvoxel 50 41 10 0.83 0.94 0.94 0.80
putvoxel 50 43 52 0.83 0.94 0.94 0.80
putvoxel 50 44 15 0.83 0.94 0.94 0.80
putvoxel 50 50 36 0.83 0.94 0.94 0.80
putvoxel 50 53 17 0.83 0.94 0.94 0.80
putvoxel 50 53 56 0.83 0.94 0.94 0.80
putvoxel 50 54 22 0.83 0.94 0.94 0.80
putvoxel 50 59 35 0.83 0.94 0.94 0.80
putvoxel 50 61 33 0.83 0.94 0.94 0.80
putvoxel 50 63 8 0.83 0.94 0.94 0.80
putvoxel 51 3 17 0.83 0.94 0.94 0.80
putvoxel 51 3 62 0.83 0.94 0.94 0.80
putvoxel 51 4 26 0.83 0.94 0.94 0.80
putvoxel 51 9 13 0.83 0.94 0.94 0.80
putvoxel 51 11 50 0.83 0.94 0.94 0.80
putvoxel 51 12 43 0.83 0.94 0.94 0.80
putvoxel 51 12 63 0.83 0.94 0.94 0.80
putvoxel 51 16 63 0.83 0.94 0.94 0.80
putvoxel 51 17 16 0.83 0.94 0.94 0.80
putvoxel 51 18 55 0.83 0.94 0.94 0.80
putvoxel 51 26 16 0.83 0.94 0.94 0.80
putvoxel 51 26 62 0.83 0.94 0.94 0.80
putvoxel 51 27 6 0.83 0.94 0.94 0.80
putvoxel 51 27 45 0.83 0.94 0.94 0.80
putvoxel 51 28 30 0.83 0.94 0.94 0.80
putvoxel 51 29 1 0.83 0.94 0.94 0.80
putvoxel 51 36 13 0.83 0.94 0.94 0.80
putvoxel 51 41 59 0.83 0.94 0.94 0.80
putvoxel 51 44 24 0.83 0.94 0.94 0.80
putvoxel 51 48 29 0.83 0.94 0.94 0.80
putvoxel 51 50 28 0.83 0.94 0.94 0.80
putvoxel 51 55 6 0.83 0.94 0.94 0.80
putvoxel 51 62 15 0.83 0.94 0.94 0.80
putvoxel 52 0 60 0.83 0.94 0.94 0.80
putvoxel 52 8 40 0.83 0.94 0.94 0.80
putvoxel 52 9 4 0.83 0.94 0.94 0.80
putvoxel 52 11 30 0.83 0.94 0.94 0.80
putvoxel 52 17 1 0.83 0.94 0.94 0.80
putvoxel 52 17 18 0.83 0.94 0.94 0.80
putvoxel 52 19 47 0.83 0.94 0.94 0.80
putvoxel 52 22 59 0.83 0.94 0.94 0.80
putvoxel 52 24 32 0.83 0.94 0.94 0.80
putvoxel 52 24 58 0.83 0.94 0.94 0.80
putvoxel 52 29 5 0.83 0.94 0.94 0.80
putvoxel 52 30 17 0.83 0.94 0.94 0.80
putvoxel 52 32 52 0.83 0.94 0.94 0.80
putvoxel 52 35 48 0.83 0.94 0.94 0.80
putvoxel 52 36 13 0.83 0.94 0.94 0.80
putvoxel 52 39 43 0.83 0.94 0.94 0.80
putvoxel 52 40 5 0.83 0.94 0.94 0.80
putvoxel 52 42 1 0.83 0.94 0.94 0.80
putvoxel 52 44 62 0.83 0.94 0.94 0.80
putvoxel 52 48 31 0.83 0.94 0.94 0.80
putvoxel 52 54 40 0.83 0.94 0.94 0.80
putvoxel 52 56 6 0.83 0.94 0.94 0.80
putvoxel 52 56 63 0.83 0.94 0.94 0.80
putvoxel 52 58 35 0.83 0.94 0.94 0.80
putvoxel 52 58 54 0.83 0.94 0.94 0.80
putvoxel 52 59 39 0.83 0.94 0.94 0.80
putvoxel 52 61 16 0.83 0.94 0.94 0.80
putvoxel 52 62 44 0.83 0.94 0.94 0.80
putvoxel 52 62 50 0.83 0.94 0.94 0.80
putvoxel 53 0 55 0.83 0.94 0.94 0.80
putvoxel 53 4 14 0.83 0.94 0.94 0.80
putvoxel 53 6 7 0.83 0.94 0.94 0.80
putvoxel 53 10 11 0.83 0.94 0.94 0.80
putvoxel 53 11 2 0.83 0.94 0.94 0.80
putvoxel 53 11 36 0.83 0.94 0.94 0.80
putvoxel 53 12 34 0.83 0.94 0.94 0.80
putvoxel 53 12 56 0.83 0.94 0.94 0.80
putvoxel 53 13 5 0.83 0.94 0.94 0.80
putvoxel 53 13 49 0.83 0.94 0.94 0.80
putvoxel 53 17 4 0.83 0.94 0.94 0.80
putvoxel 53 18 24 0.83 0.94 0.94 0.80
putvoxel 53 19 14 0.83 0.94 0.94 0.80
putvoxel 53 19 25 0.83 0.94 0.94 0.80
putvoxel 53 21 58 0.83 0.94 0.94 0.80
putvoxel 53 23 63 0.83 0.94 0.94 0.80
putvoxel 53 25 63 0.83 0.94 0.94 0.80
putvoxel 53 27 31 0.83 0.94 0.94 0.80
putvoxel 53 27 50 0.83 0.94 0.94 0.80
putvoxel 53 29 3 0.83 0.94 0.94 0.80
putvoxel 53 29 23 0.83 0.94 0.94 0.80
putvoxel 53 32 53 0.83 0.94 0.94 0.80
putvoxel 53 37 24 0.83 0.94 0.94 0.80
putvoxel 53 39 32 0.83 0.94 0.94 0.80
putvoxel 53 40 41 0.83 0.94 0.94 0.80
putvoxel 53 41 21 0.83 0.94 0.94 0.80
putvoxel 53 41 39 0.83 0.94 0.94 0.80
putvoxel 53 42 0 0.83 0.94 0.94 0.80
putvoxel 53 42 1 0.83 0.94 0.94 0.80
putvoxel 53 43 18 0.83 0.94 0.94 0.80
putvoxel 53 44 9 0.83 0.94 0.94 0.80
putvoxel 53 45 14 0.83 0.94 0.94 0.80
putvoxel 53 46 62 0.83 0.94 0.94 0.80
putvoxel 53 49 20 0.83 0.94 0.94 0.80
putvoxel 53 52 29 0.83 0.94 0.94 0.80
putvoxel 53 53 3 0.83 0.94 0.94 0.80
putvoxel 53 57 5 0.83 0.94 0.94 0.80
putvoxel 53 59 49 0.83 0.94 0.94 0.80
putvoxel 53 61 25 0.83 0.94 0.94 0.80
putvoxel 53 62 23 0.83 0.94 0.94 0.80
putvoxel 54 0 37 0.83 0.94 0.94 0.80
putvoxel 54 0 54 0.83 0.94 0.94 0.80
putvoxel 54 1 17 0.83 0.94 0.94 0.80
putvoxel 54 2 18 0.83 0.94 0.94 0.80
putvoxel 54 3 54 0.83 0.94 0.94 0.80
putvoxel 54 5 9 0.83 0.94 0.94 0.80
putvoxel 54 5 36 0.83 0.94 0.94 0.80
putvoxel 54 9 42 0.83 0.94 0.94 0.80
putvoxel 54 14 60 0.83 0.94 0.94 0.80
putvoxel 54 17 11 0.83 0.94 0.94 0.80
putvoxel 54 18 19 0.83 0.94 0.94 0.80
putvoxel 54 22 33 0.83 0.94 0.94 0.80
putvoxel 54 24 19 0.83 0.94 0.94 0.80
putvoxel 54 27 9 0.83 0.94 0.94 0.80
putvoxel 54 28 36 0.83 0.94 0.94 0.80
putvoxel 54 36 50 0.83 0.94 0.94 0.80
putvoxel 54 39 35 0.83 0.94 0.94 0.80
putvoxel 54 44 33 0.83 0.94 0.94 0.80
putvoxel 54 46 36 0.83 0.94 0.94 0.80
putvoxel 54 48 14 0.83 0.94 0.94 0.80
putvoxel 54 53 36 0.83 0.94 0.94 0.80
putvoxel 54 54 46 0.83 0.94 0.94 0.80
putvoxel 54 61 21 0.83 0.94 0.94 0.80
putvoxel 54 62 45 0.83 0.94 0.94 0.80
putvoxel 55 6 0 0.83 0.94 0.94 0.80
putvoxel 55 9 0 0.83 0.94 0.94 0.80
putvoxel 55 11 58 0.83 0.94 0.94 0.80
putvoxel 55 14 61 0.83 0.94 0.94 0.80
putvoxel 55 16 12 0.83 0.94 0.94 0.80
putvoxel 55 23 10 0.83 0.94 0.94 0.80
putvoxel 55 26 55 0.83 0.94 0.94 0.80
putvoxel 55 32 4 0.83 0.94 0.94 0.80
putvoxel 55 32 20 0.83 0.94 0.94 0.80
putvoxel 55 38 19 0.83 0.94 0.94 0.80
putvoxel 55 40 25 0.83 0.94 0.94 0.80
putvoxel 55 41 15 0.83 0.94 0.94 0.80
putvoxel 55 45 27 0.83 0.94 0.94 0.80
putvoxel 55 45 52 0.83 0.94 0.94 0.80
putvoxel 55 46 58 0.83 0.94 0.94 0.80
putvoxel 55 47 32 0.83 0.94 0.94 0.80
putvoxel 55 52 1 0.83 0.94 0.94 0.80
putvoxel 55 54 3 0.83 0.94 0.94 0.80
putvoxel 55 56 23 0.83 0.94 0.94 0.80
putvoxel 55 57 17 0.83 0.94 0.94 0.80
putvoxel 55 58 39 0.83 0.94 0.94 0.80
putvoxel 55 58 63 0.83 0.94 0.94 0.80
putvoxel 55 60 18 0.83 0.94 0.94 0.80
putvoxel 55 62 25 0.83 0.94 0.94 0.80
putvoxel 55 63 9 0.83 0.94 0.94 0.80
putvoxel 56 0 24 0.83 0.94 0.94 0.80
putvoxel 56 2 25 0.83 0.94 0.94 0.80
putvoxel 56 7 11 0.83 0.94 0.94 0.80
putvoxel 56 12 18 0.83 0.94 0.94 0.80
putvoxel 56 14 3 0.83 0.94 0.94 0.80
putvoxel 56 14 59 0.83 0.94 0.94 0.80
putvoxel 56 16 27 0.83 0.94 0.94 0.80
putvoxel 56 17 10 0.83 0.94 0.94 0.80
putvoxel 56 27 47 0.83 0.94 0.94 0.80
putvoxel 56 27 62 0.83 0.94 0.94 0.80
putvoxel 56 31 54 0.83 0.94 0.94 0.80
putvoxel 56 33 23 0.83 0.94 0.94 0.80
putvoxel 56 34 25 0.83 0.94 0.94 0.80
putvoxel 56 36 50 0.83 0.94 0.94 0.80
putvoxel 56 36 53 0.83 0.94 0.94 0.80
putvoxel 56 38 49 0.83 0.94 0.94 0.80
putvoxel 56 51 42 0.83 0.94 0.94 0.80
putvoxel 56 54 1 0.83 0.94 0.94 0.80
putvoxel 56 59 60 0.83 0.94 0.94 0.80
putvoxel 56 60 5 0.83 0.94 0.94 0.80
putvoxel 56 63 19 0.83 0.94 0.94 0.80
putvoxel 57 2 11 0.83 0.94 0.94 0.80
putvoxel 57 6 54 0.83 0.94 0.94 0.80
putvoxel 57 9 56 0.83 0.94 0.94 0.80
putvoxel 57 16 61 0.83 0.94 0.94 0.80
putvoxel 57 17 27 0.83 0.94 0.94 0.80
putvoxel 57 17 37 0.83 0.94 0.94 0.80
putvoxel 57 18 29 0.83 0.94 0.94 0.80
putvoxel 57 18 39 0.83 0.94 0.94 0.80
putvoxel 57 20 1 0.83 0.94 0.94 0.80
putvoxel 57 20 12 0.83 0.94 0.94 0.80
putvoxel 57 21 5 0.83 0.94 0.94 0.80
putvoxel 57 21 8 0.83 0.94 0.94 0.80
putvoxel 57 21 26 0.83 0.94 0.94 0.80
putvoxel 57 28 15 0.83 0.94 0.94 0.80
putvoxel 57 32 21 0.83 0.94 0.94 0.80
putvoxel 57 33 18 0.83 0.94 0.94 0.80
putvoxel 57 42 16 0.83 0.94 0.94 0.80
putvoxel 57 42 35 0.83 0.94 0.94 0.80
putvoxel 57 45 5 0.83 0.94 0.94 0.80
putvoxel 57 45 18 0.83 0.94 0.94 0.80
putvoxel 57 49 48 0.83 0.94 0.94 0.80
putvoxel 57 51 45 0.83 0.94 0.94 0.80
putvoxel 57 53 60 0.83 0.94 0.94 0.80
putvoxel 57 54 17 0.83 0.94 0.94 0.80
putvoxel 57 54 33 0.83 0.94 0.94 0.80
putvoxel 57 56 53 0.83 0.94 0.94 0.80
putvoxel 57 59 2 0.83 0.94 0.94 0.80
putvoxel 57 61 51 0.83 0.94 0.94 0.80
putvoxel 57 62 9 0.83 0.94 0.94 0.80
putvoxel 57 62 25 0.83 0.94 0.94 0.80
putvoxel 57 62 26 0.83 0.94 0.94 0.80
putvoxel 58 1 18 0.83 0.94 0.94 0.80
putvoxel 58 3 22 0.83 0.94 0.94 0.80
putvoxel 58 6 43 0.83 0.94 0.94 0.80
putvoxel 58 9 44 0.83 0.94 0.94 0.80
putvoxel 58 11 57 0.83 0.94 0.94 0.80
putvoxel 58 12 62 0.83 0.94 0.94 0.80
putvoxel 58 13 14 0.83 0.94 0.94 0.80
putvoxel 58 14 23 0.83 0.94 0.94 0.80
putvoxel 58 17 26 0.83 0.94 0.94 0.80
putvoxel 58 26 2 0.83 0.94 0.94 0.80
putvoxel 58 29 14 0.83 0.94 0.94 0.80
putvoxel 58 30 59 0.83 0.94 0.94 0.80
putvoxel 58 32 31 0.83 0.94 0.94 0.80
putvoxel 58 33 58 0.83 0.94 0.94 0.80
putvoxel 58 34 0 0.83 0.94 0.94 0.80
putvoxel 58 34 5 0.83 0.94 0.94 0.80
putvoxel 58 35 7 0.83 0.94 0.94 0.80
putvoxel 58 38 0 0.83 0.94 0.94 0.80
putvoxel 58 41 10 0.83 0.94 0.94 0.80
putvoxel 58 47 4 0.83 0.94 0.94 0.80
putvoxel 58 48 54 0.83 0.94 0.94 0.80
putvoxel 58 49 20 0.83 0.94 0.94 0.80
putvoxel 58 50 1 0.83 0.94 0.94 0.80
putvoxel 58 51 2 0.83 0.94 0.94 0.80
putvoxel 58 52 0 0.83 0.94 0.94 0.80
putvoxel 58 54 44 0.83 0.94 0.94 0.80
putvoxel 58 57 46 0.83 0.94 0.94 0.80
putvoxel 58 58 0 0.83 0.94 0.94 0.80
putvoxel 59 0 45 0.83 0.94 0.94 0.80
putvoxel 59 5 16 0.83 0.94 0.94 0.80
putvoxel 59 5 31 0.83 0.94 0.94 0.80
putvoxel 59 5 56 0.83 0.94 0.94 0.80
putvoxel 59 8 62 0.83 0.94 0.94 0.80
putvoxel 59 11 33 0.83 0.94 0.94 0.80
putvoxel 59 14 0 0.83 0.94 0.94 0.80
putvoxel 59 14 46 0.83 0.94 0.94 0.80
putvoxel 59 16 22 0.83 0.94 0.94 0.80
putvoxel 59 22 38 0.83 0.94 0.94 0.80
putvoxel 59 22 53 0.83 0.94 0.94 0.80
putvoxel 59 28 31 0.83 0.94 0.94 0.80
putvoxel 59 30 0 0.83 0.94 0.94 0.80
putvoxel 59 30 29 0.83 0.94 0.94 0.80
putvoxel 59 31 5 0.83 0.94 0.94 0.80
putvoxel 59 34 46 0.83 0.94 0.94 0.80
putvoxel 59 38 35 0.83 0.94 0.94 0.80
putvoxel 59 44 58 0.83 0.94 0.94 0.80
putvoxel 59 50 2 0.83 0.94 0.94 0.80
putvoxel 59 52 54 0.83 0.94 0.94 0.80
putvoxel 59 62 1 0.83 0.94 0.94 0.80
putvoxel 59 63 7 0.83 0.94 0.94 0.80
putvoxel 60 0 48 0.83 0.94 0.94 0.80
putvoxel 60 2 8 0.83 0.94 0.94 0.80
putvoxel 60 5 17 0.83 0.94 0.94 0.80
putvoxel 60 6 61 0.83 0.94 0.94 0.80
putvoxel 60 11 22 0.83 0.94 0.94 0.80
putvoxel 60 12 29 0.83 0.94 0.94 0.80
putvoxel 60 13 28 0.83 0.94 0.94 0.80
putvoxel 60 13 38 0.83 0.94 0.94 0.80
putvoxel 60 13 45 0.83 0.94 0.94 0.80
putvoxel 60 18 60 0.83 0.94 0.94 0.80
putvoxel 60 19 15 0.83 0.94 0.94 0.80
putvoxel 60 24 7 0.83 0.94 0.94 0.80
putvoxel 60 27 57 0.83 0.94 0.94 0.80
putvoxel 60 29 55 0.83 0.94 0.94 0.80
putvoxel 60 31 19 0.83 0.94 0.94 0.80
putvoxel 60 32 55 0.83 0.94 0.94 0.80
putvoxel 60 33 53 0.83 0.94 0.94 0.80
putvoxel 60 39 43 0.83 0.94 0.94 0.80
putvoxel 60 42 57 0.83 0.94 0.94 0.80
putvoxel 60 44 54 0.83 0.94 0.94 0.80
putvoxel 60 46 40 0.83 0.94 0.94 0.80
putvoxel 60 48 27 0.83 0.94 0.94 0.80
putvoxel 60 52 63 0.83 0.94 0.94 0.80
putvoxel 60 54 48 0.83 0.94 0.94 0.80
putvoxel 60 60 11 0.83 0.94 0.94 0.80
putvoxel 60 63 26 0.83 0.94 0.94 0.80
putvoxel 60 63 53 0.83 0.94 0.94 0.80
putvoxel 61 1 22 0.83 0.94 0.94 0.80
putvoxel 61 6 22 0.83 0.94 0.94 0.80
putvoxel 61 7 20 0.83 0.94 0.94 0.80
putvoxel 61 11 44 0.83 0.94 0.94 0.80
putvoxel 61 11 54 0.83 0.94 0.94 0.80
putvoxel 61 12 48 0.83 0.94 0.94 0.80
putvoxel 61 18 22 0.83 0.94 0.94 0.80
putvoxel 61 19 14 0.83 0.94 0.94 0.80
putvoxel 61 21 54 0.83 0.94 0.94 0.80
putvoxel 61 21 55 0.83 0.94 0.94 0.80
putvoxel 61 22 18 0.83 0.94 0.94 0.80
putvoxel 61 27 2 0.83 0.94 0.94 0.80
putvoxel 61 29 16 0.83 0.94 0.94 0.80
putvoxel 61 31 56 0.83 0.94 0.94 0.80
putvoxel 61 32 7 0.83 0.94 0.94 0.80
putvoxel 61 38 58 0.83 0.94 0.94 0.80
putvoxel 61 40 12 0.83 0.94 0.94 0.80
putvoxel 61 42 53 0.83 0.94 0.94 0.80
putvoxel 61 49 53 0.83 0.94 0.94 0.80
putvoxel 61 50 2 0.83 0.94 0.94 0.80
putvoxel 61 50 63 0.83 0.94 0.94 0.80
putvoxel 61 54 7 0.83 0.94 0.94 0.80
putvoxel 61 56 13 0.83 0.94 0.94 0.80
putvoxel 61 61 0 0.83 0.94 0.94 0.80
putvoxel 62 0 63 0.83 0.94 0.94 0.80
putvoxel 62 4 59 0.83 0.94 0.94 0.80
putvoxel 62 6 37 0.83 0.94 0.94 0.80
putvoxel 62 7 40 0.83 0.94 0.94 0.80
putvoxel 62 9 3 0.83 0.94 0.94 0.80
putvoxel 62 10 5 0.83 0.94 0.94 0.80
putvoxel 62 14 14 0.83 0.94 0.94 0.80
putvoxel 62 14 29 0.83 0.94 0.94 0.80
putvoxel 62 14 38 0.83 0.94 0.94 0.80
putvoxel 62 22 47 0.83 0.94 0.94 0.80
putvoxel 62 29 48 0.83 0.94 0.94 0.80
putvoxel 62 33 16 0.83 0.94 0.94 0.80
putvoxel 62 33 62 0.83 0.94 0.94 0.80
putvoxel 62 34 32 0.83 0.94 0.94 0.80
putvoxel 62 36 58 0.83 0.94 0.94 0.80
putvoxel 62 37 23 0.83 0.94 0.94 0.80
putvoxel 62 38 54 0.83 0.94 0.94 0.80
putvoxel 62 43 0 0.83 0.94 0.94 0.80
putvoxel 62 45 24 0.83 0.94 0.94 0.80
putvoxel 62 53 51 0.83 0.94 0.94 0.80
putvoxel 62 56 19 0.83 0.94 0.94 0.80
putvoxel 62 57 8 0.83 0.94 0.94 0.80
putvoxel 62 60 28 0.83 0.94 0.94 0.80
putvoxel 62 60 30 0.83 0.94 0.94 0.80
putvoxel 62 63 37 0.83 0.94 0.94 0.80
putvoxel 63 12 2 0.83 0.94 0.94 0.80
putvoxel 63 15 55 0.83 0.94 0.94 0.80
putvoxel 63 17 21 0.83 0.94 0.94 0.80
putvoxel 63 21 44 0.83 0.94 0.94 0.80
putvoxel 63 21 48 0.83 0.94 0.94 0.80
putvoxel 63 23 22 0.83 0.94 0.94 0.80
putvoxel 63 24 24 0.83 0.94 0.94 0.80
putvoxel 63 27 35 0.83 0.94 0.94 0.80
putvoxel 63 38 16 0.83 0.94 0.94 0.80
putvoxel 63 43 49 0.83 0.94 0.94 0.80
putvoxel 63 43 57 0.83 0.94 0.94 0.80
putvoxel 63 44 11 0.83 0.94 0.94 0.80
putvoxel 63 45 14 0.83 0.94 0.94 0.80
putvoxel 63 46 53 0.83 0.94 0.94 0.80
putvoxel 63 49 40 0.83 0.94 0.94 0.80
putvoxel 63 60 48 0.83 0.94 0.94 0.80
putvoxel 63 62 2 0.83 0.94 0.94 0.80
putbox 1 62 1 62 0 1 0.78 0.49 0.31 0.4
putbox 1 62 1 62 2 6 0.83 0.94 0.94 1.0
cutbox 2 61 1 61 2 6
putbox 4 15 5 12 2 6 0.90 0.25 0.25 1.0
putbox 4 15 8 9 2 6 1.0 0.8 0.2 1.0
putbox 9 10 5 12 2 6 1.0 0.8 0.2 1.0
putsphere 30 29 53 7 0.90 0.25 0.25 1.0
putsphere 33 29 53 7 0.90 0.25 0.25 1.0
putsphere 30 30 53 7 0.90 0.25 0.25 1.0
putsphere 33 30 53 7 0.90 0.25 0.25 1.0
cutbox 22 43 20 40 46 51
putsphere 35 30 56 5 0.90 0.25 0.25 1.0
putsphere 38 31 54 5 0.90 0.25 0.25 1.0
cutsphere 36 31 50 5
putsphere 42 31 49 3 0.83 0.94 0.94 1.0
putbox 23 40 22 37 52 53 0.83 0.94 0.94 1.0
cutbox 23 24 22 23 52 53
cutbox 23 23 24 24 52 53
cutbox 25 25 22 22 52 53
cutbox 23 24 36 37 52 53
cutbox 23 23 35 35 52 53
cutbox 25 25 37 37 52 53
cutbox 39 40 22 23 52 53
cutbox 38 38 22 22 52 53
cutbox 40 40 24 24 52 53
cutbox 39 40 36 37 52 53
cutbox 38 38 37 37 52 53
cutbox 40 40 35 35 52 53
putbox 21 26 28 33 2 15 0.90 0.25 0.25 1.0
putbox 37 42 28 33 2 15 0.90 0.25 0.25 1.0
putbox 21 26 25 33 2 5 0.16 0.14 0.14 1.0
putbox 37 42 25 33 2 5 0.16 0.14 0.14 1.0
cutbox 21 26 30 31 2 2
cutbox 37 42 30 31 2 2
cutbox 21 26 31 31 3 3
cutbox 37 42 31 31 3 3
putbox 20 27 27 34 6 7 0.83 0.94 0.94 1.0
putbox 36 43 27 34 6 7 0.83 0.94 0.94 1.0
putbox 31 32 20 22 15 39 0.83 0.94 0.94 1.0
putbox 20 43 23 38 15 40 0.90 0.25 0.25 1.0
putbox 21 42 24 37 41 41 0.90 0.25 0.25 1.0
putbox 23 40 21 22 15 38 0.90 0.25 0.25 1.0
putbox 19 19 26 37 15 38 0.90 0.25 0.25 1.0
putbox 44 44 26 37 15 38 0.90 0.25 0.25 1.0
putbox 21 42 39 39 15 38 0.90 0.25 0.25 1.0
putbox 22 41 20 22 18 21 0.16 0.14 0.14 1.0
putbox 20 43 38 40 18 21 0.16 0.14 0.14 1.0
putbox 18 20 26 38 18 21 0.16 0.14 0.14 1.0
putbox 43 45 26 38 18 21 0.16 0.14 0.14 1.0
putbox 19 21 22 25 18 21 0.16 0.14 0.14 1.0
putbox 42 44 22 25 18 21 0.16 0.14 0.14 1.0
putbox 29 34 19 19 18 21 1.0 0.8 0.2 1.0
cutbox 30 33 19 19 19 20
putsphere 31 29 49 7 1.0 0.79 0.73 1.0
putsphere 32 29 49 7 1.0 0.79 0.73 1.0
putbox 29 34 27 31 42 44 1.0 0.79 0.73 1.0
cutsphere 31 29 49 6
cutsphere 32 29 49 6
putsphere 28 23 48 1 1.0 0.67 0.58 1.0
putsphere 35 23 48 1 1.0 0.67 0.58 1.0
cutvoxel 28 22 48
cutvoxel 35 22 48
putsphere 29 23 49 1 0.83 0.94 0.94 1.0
putsphere 34 23 49 1 0.83 0.94 0.94 1.0
cutvoxel 29 22 49
cutvoxel 34 22 49
putvoxel 29 23 49 0.36 0.74 1.0 1.0
putvoxel 34 23 49 0.36 0.74 1.0 1.0
putsphere 31 21 48 1 1.0 0.69 0.60 1.0
putsphere 32 21 48 1 1.0 0.69 0.60 1.0
putbox 31 32 22 26 41 47 0.83 0.94 0.94 1.0
putbox 30 33 22 26 42 48 0.83 0.94 0.94 1.0
putbox 29 34 22 26 43 48 0.83 0.94 0.94 1.0
putbox 28 35 23 26 44 46 0.83 0.94 0.94 1.0
putbox 27 36 24 26 45 46 0.83 0.94 0.94 1.0
putbox 31 32 22 22 44 45 0.16 0.14 0.14 1.0
putbox 43 46 28 34 36 41 0.90 0.25 0.25 1.0
putbox 44 47 28 34 33 38 0.90 0.25 0.25 1.0
putbox 45 48 28 34 30 35 0.90 0.25 0.25 1.0
putbox 46 49 28 34 27 32 0.90 0.25 0.25 1.0
putbox 47 50 28 34 24 29 0.90 0.25 0.25 1.0
putbox 48 51 28 34 21 26 0.90 0.25 0.25 1.0
putbox 17 20 28 34 36 41 0.90 0.25 0.25 1.0
putbox 16 19 28 34 33 38 0.90 0.25 0.25 1.0
putbox 15 18 28 34 30 35 0.90 0.25 0.25 1.0
putbox 14 17 28 34 27 32 0.90 0.25 0.25 1.0
putbox 13 16 28 34 24 29 0.90 0.25 0.25 1.0
putbox 12 15 28 34 21 26 0.90 0.25 0.25 1.0
putbox 11 15 27 35 16 21 0.16 0.14 0.14 1.0
putbox 48 52 27 35 16 21 0.16 0.14 0.14 1.0
putbox 49 52 49 52 1 15 0.36 0.26 0.22 1.0
putbox 42 59 42 59 10 15 0.06 0.50 0.06 1.0
putbox 44 57 44 57 16 20 0.06 0.50 0.06 1.0
putbox 46 55 46 55 21 27 0.06 0.50 0.06 1.0
putbox 48 53 48 53 28 35 0.06 0.50 0.06 1.0
putbox 50 51 50 51 36 43 0.06 0.50 0.06 1.0
cutbox 21 42 24 37 16 19
cutbox 22 25 29 32 2 15
cutbox 38 41 29 32 2 15